timestamp event subtype	RSSI
1658779885	4	-39
1658779885	4	-41
1658779885	4	-39
1658779885	4	-45
1658779885	4	-41
1658779885	4	-41
1658779885	4	-41
1658779885	4	-39
1658779885	4	-45
1658779885	4	-45
1658779885	4	-43
1658793048	32	-70
1658794500	32	-75
1658794500	32	-75
1658798820	0	-37
1658798820	0	-37
1658798820	40	-37
1658798820	40	-37
1658798820	13	-39
1658798820	13	-95
1658798820	13	-39
1658798820	36	-43
1658798820	36	-41
1658798820	40	-41
1658798820	40	-41
1658798820	36	-41
1658798820	36	-43
1658798820	40	-43
1658798820	40	-43
1658798820	32	-70
1658798820	13	-43
1658798820	36	-43
1658798820	36	-39
1658798820	44	-39
1658798820	40	-42
1658798820	44	-33
1658798820	44	-87
1658798821	36	-35
1658798821	36	-31
1658798821	36	-33
1658798821	32	-70
1658798821	36	-31
1658798821	44	-31
1658798821	40	-36
1658798821	40	0
1658798822	44	-33
1658798822	44	-31
1658798822	44	-35
1658798822	44	-35
1658798822	44	-35
1658798824	44	-27
1658798824	44	-31
1658798824	44	-31
1658798825	32	-69
1658798825	44	-35
1658798825	44	-35
1658798826	40	-37
1658798827	44	-35
1658798827	44	-33
1658798827	44	-33
1658798827	44	-33
1658798830	44	-33
1658798831	44	-31
1658798831	44	-31
1658798831	44	-31
1658798831	44	-31
1658798831	44	-31
1658798832	44	-31
1658798832	44	-31
1658798833	44	-33
1658798833	44	-27
1658798833	32	-70
1658798833	44	-31
1658798834	44	-31
1658798834	44	-15
1658798834	44	-27
1658798834	44	-27
1658798835	44	-27
1658798835	44	-33
1658798835	44	-33
1658798835	44	-33
1658798835	44	-33
1658798836	44	-31
1658798836	44	-31
1658798836	44	-31
1658798836	44	-15
1658798836	44	-31
1658798836	44	-31
1658798836	44	-35
1658798836	40	-33
1658798837	44	-35
1658798837	44	-35
1658798837	44	-35
1658798837	44	-35
1658798838	44	-35
1658798838	44	-31
1658798839	44	-31
1658798839	44	-31
1658798839	44	-31
1658798840	44	-33
1658798840	44	-31
1658798840	44	-33
1658798840	44	-35
1658798841	44	-33
1658798841	44	-35
1658798841	44	-35
1658798844	44	-35
1658798844	44	-31
1658798844	44	-31
1658798844	44	-31
1658798845	44	-35
1658798845	44	-31
1658798845	44	-31
1658798846	44	-31
1658798846	44	-35
1658798846	44	-35
1658798847	44	-31
1658798847	44	-15
1658798847	44	-31
1658798847	44	-31
1658798847	44	-35
1658798847	44	-31
1658798847	40	-36
1658798847	40	-36
1658798847	40	-37
1658798847	44	-31
1658798848	44	-35
1658798849	44	-35
1658798849	44	-81
1658798849	44	-35
1658798849	44	-35
1658798850	44	-33
1658798850	32	-70
1658798852	44	-31
1658798853	40	-15
1658798853	44	-35
1658798853	44	-31
1658798855	44	-35
1658798855	44	-35
1658798856	44	-35
1658798856	44	-33
1658798856	44	-31
1658798856	44	-31
1658798859	44	-31
1658798859	44	-33
1658798860	44	-35
1658798860	44	-35
1658798860	44	-35
1658798860	44	-35
1658798860	44	-35
1658798861	44	-35
1658798861	44	-31
1658798861	44	-35
1658798861	44	-31
1658798862	44	-31
1658798862	44	-35
1658798862	44	-87
1658798874	44	-31
1658798874	44	-31
1658798874	44	-35
1658798874	44	-31
1658798874	44	-35
1658798874	44	-33
1658798874	44	-85
1658798874	44	-35
1658798874	44	-35
1658798875	44	-31
1658798875	44	-33
1658798881	44	-15
1658798881	44	-31
1658798885	44	-35
1658798886	44	-35
1658798886	44	-35
1658798886	44	-35
1658798890	44	-35
1658798890	44	-33
1658798890	44	-35
1658798895	44	-35
1658798895	44	-87
1658798895	44	-35
1658798895	44	-35
1658798921	44	-35
1658798921	44	-35
1658798941	44	-31
1658798942	44	-31
1658798942	44	-33
1658798942	44	-35
1658798943	44	-35
1658798943	44	-35
1658798943	44	-33
1658798944	40	-35
1658798944	44	-31
1658798944	44	-35
1658798944	44	-35
1658798945	44	-31
1658798945	44	-31
1658798945	44	-31
1658798947	44	-35
1658798947	44	-35
1658798947	44	-35
1658798947	44	-35
1658798947	44	-15
1658798947	44	-15
1658798948	44	-35
1658798948	44	-31
1658798948	44	-35
1658798977	44	-35
1658798977	44	-35
1658799007	36	-39
1658799021	44	-35
1658799021	44	-33
1658799051	36	-35
1658799062	44	-35
1658799062	44	-39
1658799062	44	-37
1658799064	44	-35
1658799065	44	-39
1658799065	44	-39
1658799065	44	-39
1658799065	44	-39
1658799068	44	-35
1658799071	44	-35
1658799072	44	-85
1658799073	44	-35
1658799076	44	-39
1658799076	44	-39
1658799076	40	-39
1658799076	44	-39
1658799076	44	-39
1658799103	44	-35
1658799103	44	-35
1658799103	44	-35
1658799103	44	-39
1658799103	44	-39
1658799103	44	-39
1658799103	44	-35
1658799103	44	-35
1658799104	44	-35
1658799105	44	-39
1658799106	44	-39
1658799106	44	-35
1658799106	44	-35
1658799116	44	-39
1658799116	44	-39
1658799116	44	-35
1658799116	44	-35
1658799117	44	-35
1658799117	40	-39
1658799118	44	-35
1658799128	44	-39
1658799147	44	-35
1658799147	44	-35
1658799147	44	-39
1658799177	44	-39
1658799177	44	-39
1658799178	44	-39
1658799184	44	-35
1658799184	44	-81
1658799184	44	-35
1658799184	44	-35
1658799186	44	-37
1658799206	44	-39
1658799206	44	-39
1658799236	36	-39
1658799238	44	-39
1658799256	44	-39
1658799256	44	-39
1658799256	44	-35
1658799256	44	-35
1658799257	44	-39
1658799257	44	-39
1658799287	36	-35
1658799306	44	-35
1658799307	44	-35
1658799307	44	-35
1658799307	44	-35
1658799307	44	-35
1658799307	44	-39
1658799307	40	-39
1658799307	44	-89
1658799321	44	-35
1658799321	44	-35
1658799327	44	-35
1658799358	36	-39
1658799363	44	-39
1658799363	44	-39
1658799367	44	-35
1658799394	44	-35
1658799394	44	-35
1658799407	44	-35
1658799416	44	-35
1658799416	44	-35
1658799416	44	-35
1658799416	44	-39
1658799416	44	-65
1658799417	44	-39
1658799418	44	-35
1658799419	44	-35
1658799419	44	-35
1658799421	44	-39
1658799421	44	-35
1658799421	44	-35
1658799421	44	-35
1658799422	44	-39
1658799424	44	-39
1658799424	44	-35
1658799424	44	-33
1658799424	44	-35
1658799425	44	-35
1658799426	44	-33
1658799426	44	-35
1658799426	40	-39
1658799426	44	-35
1658799430	44	-35
1658799460	36	-39
1658799484	36	-39
1658799486	44	-39
1658799487	44	-35
1658799487	44	-35
1658799487	44	-39
1658799487	44	-39
1658799488	44	-35
1658799488	44	-35
1658799488	44	-39
1658799488	44	-39
1658799490	44	-39
1658799490	44	-39
1658799491	40	-35
1658799491	44	-35
1658799491	44	-35
1658799499	44	-35
1658799499	44	-83
1658799499	44	-35
1658799499	44	-35
1658799500	44	-37
1658799500	44	-39
1658799500	44	-39
1658799515	44	-35
1658799515	44	-35
1658799519	44	-39
1658799519	44	-39
1658799522	44	-39
1658799522	44	-39
1658799547	44	-35
1658799547	44	-35
1658799558	44	-35
1658799558	44	-35
1658799588	36	-39
1658799618	44	-39
1658799618	44	-39
1658799622	44	-39
1658799622	44	-37
1658799638	44	-39
1658799638	44	-39
1658799638	44	-37
1658799638	44	-37
1658799638	44	-39
1658799638	44	-39
1658799638	44	-39
1658799668	36	-39
1658799698	36	-39
1658799721	44	-39
1658799722	44	-35
1658799722	44	-39
1658799722	44	-39
1658799723	44	-37
1658799724	44	-35
1658799724	44	-35
1658799724	44	-35
1658799724	44	-35
1658799724	44	-35
1658799725	44	-37
1658799725	44	-35
1658799725	44	-35
1658799725	44	-89
1658799783	44	-39
1658799783	44	-39
1658799813	36	-35
1658799817	44	-35
1658799817	44	-35
1658799817	44	-39
1658799817	44	-39
1658799817	44	-35
1658799818	44	-35
1658799818	44	-35
1658799818	44	-35
1658799822	44	-35
1658799822	44	-35
1658799823	44	-37
1658799823	44	-39
1658799853	36	-35
1658799864	44	-35
1658799864	44	-35
1658799894	36	-35
1658799923	44	-39
1658799924	44	-39
1658799924	40	-39
1658799924	40	0
1658799924	40	0
1658799924	40	0
1658799924	40	-39
1658799924	40	0
1658799924	40	0
1658799924	40	0
1658799955	36	-35
1658799985	36	-35
1658800022	44	-35
1658800022	44	-35
1658800022	44	-35
1658800047	44	-35
1658800047	44	-35
1658800066	44	-35
1658800066	44	-35
1658800066	44	-35
1658800066	44	-35
1658800075	44	-35
1658800075	44	-35
1658800076	44	-35
1658800076	44	-35
1658800106	36	-35
1658800110	40	-35
1658800110	44	-35
1658800110	44	-35
1658800110	44	-35
1658800123	44	-35
1658800123	44	-35
1658800132	44	-39
1658800132	44	-39
1658800132	40	-39
1658800132	44	-37
1658800133	44	-39
1658800133	44	-35
1658800133	44	-35
1658800133	44	-35
1658800133	44	-35
1658800133	44	-35
1658800133	44	-35
1658800163	36	-39
1658800217	44	-35
1658800217	44	-35
1658800218	44	-37
1658800218	44	-39
1658800218	44	-35
1658800223	44	-39
1658800223	44	-37
1658800253	36	-35
1658800263	44	-39
1658800264	44	-39
1658800294	36	-39
1658800294	44	-39
1658800294	44	-39
1658800294	44	-35
1658800294	44	-35
1658800295	44	-35
1658800295	44	-35
1658800295	44	-39
1658800295	44	-39
1658800296	44	-39
1658800296	40	-39
1658800296	40	-39
1658800296	40	-39
1658800296	44	-39
1658800321	44	-37
1658800322	44	-39
1658800332	44	-35
1658800332	44	-35
1658800352	44	-37
1658800352	44	-35
1658800379	44	-35
1658800380	44	-35
1658800410	36	-35
1658800422	44	-37
1658800422	44	-39
1658800422	44	-35
1658800422	44	-35
1658800452	36	-35
1658800472	44	-35
1658800472	44	-35
1658800472	44	-39
1658800473	44	-39
1658800473	44	-37
1658800473	44	-39
1658800473	44	-37
1658800492	44	-35
1658800492	44	-35
1658800493	44	-37
1658800493	44	-39
1658800493	44	-37
1658800493	44	-39
1658800523	44	-35
1658800553	36	-37
1658800558	44	-39
1658800558	44	-37
1658800558	44	-39
1658800558	44	-39
1658800558	44	-35
1658800559	44	-37
1658800559	44	-39
1658800589	36	-35
1658800589	44	-37
1658800589	44	-39
1658800589	44	-37
1658800589	44	-37
1658800589	44	-37
1658800590	44	-35
1658800590	44	-35
1658800622	44	-39
1658800622	44	-39
1658800622	44	-39
1658800622	44	-39
1658800622	44	-39
1658800623	44	-39
1658800623	44	-39
1658800623	44	-35
1658800623	44	-35
1658800624	44	-35
1658800624	44	-35
1658800624	44	-35
1658800625	44	-39
1658800625	44	-39
1658800630	44	-39
1658800630	44	-39
1658800630	44	-35
1658800631	44	-39
1658800631	44	-39
1658800631	44	-35
1658800631	44	-35
1658800672	44	-39
1658800672	44	-39
1658800672	44	-39
1658800672	44	-39
1658800672	44	-35
1658800672	44	-39
1658800672	44	-35
1658800672	44	-35
1658800682	44	-37
1658800682	44	-39
1658800683	44	-35
1658800708	40	-39
1658800708	44	-39
1658800722	44	-39
1658800752	36	-39
1658800782	36	-35
1658800812	36	-81
1658800823	44	-35
1658800823	44	-35
1658800823	44	-35
1658800823	44	-35
1658800824	44	-35
1658800824	44	-35
1658800854	36	-35
1658800862	44	-35
1658800862	44	-35
1658800862	44	-35
1658800893	36	-37
1658800918	44	-37
1658800918	44	-37
1658800918	44	-35
1658800918	44	-33
1658800918	44	-35
1658800918	44	-35
1658800918	44	-35
1658800919	44	-35
1658800919	44	-35
1658800920	44	-35
1658800920	44	-35
1658800920	44	-35
1658800921	44	-35
1658800921	44	-35
1658800921	44	-39
1658800923	44	-39
1658800923	44	-35
1658800923	40	-35
1658800923	44	-35
1658800923	44	-35
1658800983	36	-35
1658800993	44	-35
1658800993	44	-35
1658800994	44	-35
1658800994	44	-35
1658800998	44	-39
1658800998	44	-39
1658800998	44	-37
1658801007	44	-39
1658801007	44	-35
1658801007	44	-35
1658801007	44	-39
1658801007	44	-39
1658801022	44	-39
1658801022	44	-39
1658801041	44	-35
1658801071	36	-39
1658801122	44	-35
1658801152	36	-35
1658801158	44	-39
1658801158	44	-39
1658801158	44	-35
1658801158	44	-35
1658801158	44	-35
1658801158	44	-35
1658801163	44	-35
1658801163	44	-35
1658801163	40	-39
1658801163	44	-35
1658801163	44	-35
1658801163	44	-35
1658801163	44	-35
1658801193	36	-39
1658801222	44	-39
1658801222	44	-39
1658801222	44	-39
1658801222	44	-39
1658801223	44	-35
1658801223	44	-35
1658801223	44	-39
1658801223	44	-37
1658801223	40	-35
1658801223	44	-35
1658801223	44	-35
1658801253	36	-39
1658801283	36	-95
1658801283	36	-39
1658801313	36	-35
1658801323	44	-35
1658801323	44	-35
1658801353	36	-35
1658801374	44	-39
1658801374	44	-39
1658801374	44	-35
1658801374	44	-35
1658801374	44	-39
1658801374	44	-39
1658801404	44	-35
1658801404	44	-35
1658801404	44	-39
1658801404	44	-37
1658801423	44	-35
1658801453	36	-35
1658801457	44	-39
1658801457	40	-37
1658801457	40	-37
1658801457	40	-39
1658801457	44	-37
1658801457	44	-39
1658801457	44	-37
1658801458	44	-35
1658801488	36	-37
1658801518	36	-39
1658801522	44	-35
1658801522	44	-37
1658801523	44	-37
1658801523	44	-37
1658801523	44	-39
1658801524	44	-37
1658801524	44	-37
1658801524	44	-35
1658801525	44	-39
1658801525	44	-39
1658801525	44	-35
1658801525	44	-35
1658801526	44	-35
1658801526	44	-35
1658801526	44	-39
1658801537	44	-37
1658801537	44	-37
1658801561	40	-39
1658801561	44	-39
1658801561	44	-37
1658801591	36	-35
1658801614	44	-35
1658801614	44	-35
1658801614	44	-35
1658801615	44	-39
1658801615	44	-37
1658801622	44	-35
1658801622	44	-35
1658801652	36	-35
1658801676	44	-31
1658801677	44	-31
1658801677	44	-31
1658801722	44	-31
1658801722	44	-33
1658801752	36	-33
1658801812	36	-33
1658801822	44	-33
1658801822	44	-35
1658801822	44	-35
1658801822	44	-35
1658801822	44	-15
1658801823	44	-33
1658801823	44	-31
1658801823	44	-31
1658801825	44	-33
1658801825	44	-31
1658801828	44	-31
1658801828	44	-15
1658801830	44	-31
1658801833	44	-33
1658801833	44	-35
1658801836	44	-35
1658801836	44	-35
1658801838	44	-35
1658801838	44	-35
1658801840	44	-33
1658801840	44	-33
1658801843	44	-33
1658801843	44	-33
1658801843	44	-33
1658801843	44	-33
1658801846	44	-35
1658801846	44	-33
1658801876	36	-33
1658801906	36	-31
1658801918	44	-35
1658801918	44	-73
1658801918	44	-35
1658801919	44	-35
1658801919	44	-35
1658801919	44	-31
1658801919	40	-35
1658801919	44	-31
1658801919	44	-31
1658801919	44	-31
1658801919	44	-33
1658801919	44	-35
1658801920	44	-35
1658801920	44	-15
1658801920	44	-31
1658801921	44	-33
1658801921	44	-33
1658801921	44	-31
1658801921	44	-15
1658801922	44	-15
1658801922	44	-31
1658801922	44	-27
1658801923	44	-33
1658801923	44	-33
1658801923	44	-33
1658801924	44	-33
1658801924	44	-27
1658801925	44	-27
1658801933	44	-15
1658801933	44	-33
1658801945	44	-27
1658801945	44	-27
1658801945	44	-27
1658801945	44	-33
1658801945	44	-33
1658801973	44	-33
1658801973	44	-33
1658801973	44	-31
1658801973	44	-33
1658801979	44	-33
1658801979	44	-27
1658801979	44	-27
1658802009	36	-33
1658802022	44	-35
1658802022	44	-15
1658802048	44	-33
1658802078	36	-35
1658802090	44	-35
1658802090	44	-33
1658802123	44	-31
1658802123	44	-33
1658802123	44	-33
1658802124	44	-33
1658802125	44	-33
1658802155	36	-33
1658802160	44	-31
1658802161	40	-33
1658802161	44	-33
1658802162	44	-33
1658802162	44	-31
1658802162	44	-27
1658802179	44	-27
1658802179	44	-31
1658802179	44	-33
1658802179	44	-33
1658802179	44	-31
1658802179	44	-31
1658802180	44	-27
1658802180	44	-33
1658802210	36	-31
1658802223	44	-31
1658802223	44	-31
1658802238	44	-33
1658802238	44	-33
1658802238	44	-31
1658802238	44	-31
1658802268	36	-35
1658802298	36	-33
1658802323	44	-31
1658802323	44	-33
1658802330	44	-35
1658802330	44	-35
1658802331	44	-35
1658802331	44	-33
1658802331	44	-35
1658802331	44	-33
1658802359	44	-31
1658802359	44	-31
1658802407	44	-35
1658802407	44	-35
1658802407	32	-60
1658802407	32	-58
1658802423	44	-35
1658802424	44	-31
1658802424	44	-31
1658802424	44	-35
1658802424	44	-31
1658802425	44	-33
1658802425	44	-31
1658802425	44	-31
1658802425	44	-33
1658802426	44	-35
1658802426	44	-35
1658802426	44	-35
1658802426	44	-35
1658802426	44	-35
1658802426	44	-15
1658802426	44	-31
1658802427	44	-31
1658802429	44	-31
1658802429	44	-31
1658802489	36	-31
1658802523	44	-35
1658802523	44	-33
1658802534	44	-31
1658802534	44	-31
1658802549	40	-33
1658802552	40	-35
1658802552	44	-31
1658802552	44	-33
1658802553	44	-33
1658802553	44	-33
1658802553	44	-35
1658802553	44	-35
1658802553	44	-35
1658802554	44	-35
1658802554	44	-35
1658802554	44	-15
1658802554	44	-33
1658802554	44	-31
1658802555	44	-31
1658802555	44	-33
1658802555	44	-33
1658802555	44	-35
1658802555	44	-31
1658802556	44	-31
1658802556	44	-33
1658802557	44	-35
1658802557	44	-31
1658802557	44	-31
1658802558	44	-31
1658802558	44	-31
1658802559	44	-27
1658802559	44	-33
1658802560	44	-33
1658802560	44	-33
1658802560	44	-33
1658802560	44	-33
1658802560	44	-33
1658802561	44	-31
1658802561	44	-27
1658802561	44	-33
1658802561	40	-27
1658802561	44	-27
1658802561	44	-29
1658802562	44	-33
1658802563	44	-33
1658802563	44	-27
1658802564	44	-31
1658802564	44	-33
1658802565	40	-31
1658802565	44	-31
1658802565	44	-27
1658802565	40	-33
1658802565	40	0
1658802566	44	-27
1658802566	44	-31
1658802566	44	-33
1658802566	44	-33
1658802567	44	-33
1658802568	44	-27
1658802569	44	-31
1658802569	44	-27
1658802569	44	-27
1658802569	44	-27
1658802570	44	-33
1658802570	44	-33
1658802570	44	-33
1658802570	44	-33
1658802570	44	-33
1658802570	44	-33
1658802570	44	-33
1658802571	44	-33
1658802571	44	-33
1658802572	44	-27
1658802572	44	-27
1658802572	44	-27
1658802572	44	-27
1658802572	44	-31
1658802573	44	-33
1658802573	44	-33
1658802574	44	-33
1658802574	44	-33
1658802574	44	-33
1658802576	44	-33
1658802579	44	-33
1658802580	44	-33
1658802581	40	-33
1658802581	44	-65
1658802581	44	-33
1658802581	44	-33
1658802582	44	-33
1658802582	40	-33
1658802582	44	-33
1658802583	44	-33
1658802583	44	-33
1658802583	44	-27
1658802583	44	-31
1658802583	44	-33
1658802583	44	-33
1658802584	44	-33
1658802584	44	-27
1658802584	44	-27
1658802586	44	-33
1658802586	44	-33
1658802586	44	-33
1658802586	44	-33
1658802588	44	-71
1658802588	44	-33
1658802588	44	-33
1658802589	44	-33
1658802589	44	-33
1658802590	40	-32
1658802598	44	-15
1658802602	44	-33
1658802603	44	-27
1658802603	44	-27
1658802603	44	-27
1658802612	44	-33
1658802613	44	-33
1658802613	44	-33
1658802613	44	-33
1658802617	44	-33
1658802617	44	-33
1658802623	44	-15
1658802654	36	-31
1658802684	36	-27
1658802714	36	-27
1658802718	44	-27
1658802718	44	-27
1658802723	44	-33
1658802723	44	-27
1658802723	44	-29
1658802723	44	-27
1658802723	44	-33
1658802723	44	-81
1658802724	44	-27
1658802724	44	-27
1658802724	44	-15
1658802724	44	-27
1658802724	44	-27
1658802724	44	-31
1658802724	44	-89
1658802724	44	-27
1658802724	44	-27
1658802725	44	-33
1658802725	44	-27
1658802749	44	-33
1658802749	44	-33
1658802749	44	-27
1658802749	44	-27
1658802749	44	-33
1658802749	44	-33
1658802749	44	-33
1658802752	44	-33
1658802752	44	-33
1658802752	40	-33
1658802752	44	-27
1658802752	44	-27
1658802754	44	-27
1658802755	44	-27
1658802757	44	-31
1658802757	44	-27
1658802757	44	-31
1658802760	44	-27
1658802760	44	-27
1658802761	44	-15
1658802761	44	-33
1658802761	44	-33
1658802762	44	-33
1658802762	44	-15
1658802762	44	-27
1658802762	44	-27
1658802763	44	-95
1658802763	44	-65
1658802765	44	-33
1658802765	44	-33
1658802765	44	-33
1658802765	44	-15
1658802765	44	-33
1658802766	44	-33
1658802767	44	-27
1658802767	44	-33
1658802767	44	-27
1658802767	44	-27
1658802768	44	-27
1658802768	44	-27
1658802768	44	-27
1658802772	44	-33
1658802772	44	-33
1658802775	44	-33
1658802791	44	-33
1658802792	44	-31
1658802792	44	-33
1658802792	44	-33
1658802792	44	-33
1658802794	44	-33
1658802794	44	-33
1658802796	44	-27
1658802796	44	-33
1658802797	44	-15
1658802797	44	-33
1658802797	44	-33
1658802798	44	-33
1658802798	44	-33
1658802802	44	-27
1658802802	40	-15
1658802802	44	-27
1658802806	44	-31
1658802806	44	-31
1658802811	44	-27
1658802811	44	-31
1658802811	44	-33
1658802811	44	-33
1658802812	44	-33
1658802812	44	-27
1658802823	44	-89
1658802824	44	-15
1658802824	44	-33
1658802852	44	-27
1658802852	44	-27
1658802857	44	-31
1658802858	44	-27
1658802859	44	-27
1658802859	44	-27
1658802859	44	-27
1658802859	44	-27
1658802859	44	-31
1658802859	44	-95
1658802859	44	-27
1658802859	44	-31
1658802871	44	-15
1658802871	44	-33
1658802872	44	-33
1658802873	44	-33
1658802873	44	-33
1658802873	44	-33
1658802884	44	-33
1658802885	44	-33
1658802886	44	-33
1658802887	44	-33
1658802891	44	-27
1658802891	44	-27
1658802891	44	-31
1658802891	44	-27
1658802891	44	-27
1658802891	44	-31
1658802891	44	-31
1658802891	44	-33
1658802891	44	-31
1658802891	44	-31
1658802891	44	-27
1658802891	44	-15
1658802891	44	-31
1658802891	44	-27
1658802892	44	-33
1658802892	44	-33
1658802892	44	-33
1658802903	44	-31
1658802903	40	-27
1658802903	40	-27
1658802904	44	-27
1658802904	44	-27
1658802905	44	-27
1658802905	44	-33
1658802905	44	-33
1658802906	44	-27
1658802906	44	-27
1658802906	44	-15
1658802907	44	-33
1658802907	44	-33
1658802908	44	-27
1658802908	44	-27
1658802908	44	-33
1658802908	44	-33
1658802908	44	-33
1658802908	44	-33
1658802909	44	-33
1658802909	44	-33
1658802909	44	-33
1658802912	44	-15
1658802912	44	-33
1658802913	44	-33
1658802914	44	-27
1658802914	44	-27
1658802914	44	-27
1658802915	44	-27
1658802915	44	-33
1658802915	44	-33
1658802915	44	-33
1658802916	44	-27
1658802916	44	-27
1658802917	44	-27
1658802917	44	-27
1658802918	44	-31
1658802918	44	-15
1658802918	44	-27
1658802919	44	-15
1658802920	44	-27
1658802920	44	-27
1658802923	44	-33
1658802924	44	-33
1658802924	44	-33
1658802926	44	-27
1658802926	44	-27
1658802927	40	-27
1658802927	44	-27
1658802927	44	-27
1658802929	44	-31
1658802929	44	-27
1658802936	44	-27
1658802936	44	-27
1658802936	44	-27
1658802936	44	-33
1658802936	44	-33
1658802937	44	-27
1658802937	44	-27
1658802940	44	-27
1658802940	44	-27
1658802943	44	-33
1658802943	44	-33
1658802943	44	-33
1658802945	44	-31
1658802958	44	-31
1658802958	44	-31
1658802958	44	-91
1658802959	44	-33
1658802959	44	-33
1658802960	44	-93
1658802960	44	-27
1658802960	44	-27
1658802960	44	-31
1658802961	44	-27
1658802962	44	-33
1658802963	44	-27
1658802963	44	-27
1658802963	44	-15
1658802963	44	-27
1658802963	44	-27
1658802965	44	-33
1658802965	44	-31
1658802965	44	-27
1658802965	44	-31
1658802965	44	-27
1658802966	44	-33
1658802966	44	-33
1658802967	44	-33
1658802968	44	-33
1658802973	44	-15
1658802973	44	-33
1658802974	44	-33
1658802974	44	-33
1658802974	44	-33
1658803006	44	-27
1658803006	44	-31
1658803007	44	-15
1658803007	44	-27
1658803009	44	-27
1658803022	44	-27
1658803022	44	-31
1658803030	44	-33
1658803060	36	-33
1658803090	36	-33
1658803096	44	-27
1658803096	44	-27
1658803096	44	-27
1658803096	44	-27
1658803096	44	-15
1658803096	40	-27
1658803097	44	-65
1658803122	44	-33
1658803122	44	-33
1658803124	44	-27
1658803125	44	-33
1658803125	44	-33
1658803125	44	-33
1658803125	44	-33
1658803125	44	-27
1658803125	44	-31
1658803125	44	-33
1658803125	44	-31
1658803125	44	-27
1658803125	44	-31
1658803126	44	-33
1658803128	44	-15
1658803128	44	-27
1658803129	44	-27
1658803129	44	-31
1658803129	44	-27
1658803129	44	-33
1658803130	44	-33
1658803160	36	-27
1658803190	36	-33
1658803211	44	-35
1658803211	44	-31
1658803211	44	-35
1658803211	44	-35
1658803211	44	-35
1658803211	44	-35
1658803212	44	-39
1658803212	36	-39
1658803212	36	-39
1658803212	36	-39
1658803212	36	-35
1658803212	36	-35
1658803212	36	-35
1658803212	36	-35
1658803213	36	-35
1658803213	36	-31
1658803213	36	-31
1658803213	36	-31
1658803213	36	-35
1658803213	36	-35
1658803213	36	-31
1658803213	36	-31
1658803213	36	-31
1658803213	36	-31
1658803213	36	-31
1658803213	36	-35
1658803213	36	-35
1658803213	36	-35
1658803213	36	-35
1658803213	36	-35
1658803214	36	-35
1658803214	36	-35
1658803214	36	-35
1658803214	36	-35
1658803214	36	-35
1658803214	36	-31
1658803214	44	-35
1658803215	44	-31
1658803215	44	-31
1658803215	44	-31
1658803215	44	-31
1658803215	44	-31
1658803216	44	-31
1658803218	44	-33
1658803218	44	-33
1658803218	44	-31
1658803218	44	-31
1658803218	44	-15
1658803219	44	-31
1658803219	44	-33
1658803219	44	-33
1658803219	44	-33
1658803220	44	-31
1658803220	44	-31
1658803220	44	-15
1658803220	44	-33
1658803221	40	-33
1658803221	44	-33
1658803222	44	-31
1658803222	44	-33
1658803222	44	-31
1658803222	44	-31
1658803223	44	-35
1658803223	44	-31
1658803245	44	-33
1658803245	44	-31
1658803245	44	-33
1658803245	44	-31
1658803275	36	-35
1658803305	36	-35
1658803323	44	-15
1658803339	44	-31
1658803340	44	-33
1658803360	44	-35
1658803360	44	-35
1658803360	44	-35
1658803361	44	-35
1658803391	36	-33
1658803439	44	-35
1658803440	44	-35
1658803490	44	-33
1658803515	40	-35
1658803515	44	-35
1658803515	44	-35
1658803519	44	-31
1658803520	44	-33
1658803520	44	-35
1658803520	44	-35
1658803520	44	-31
1658803521	44	-35
1658803521	44	-35
1658803525	44	-35
1658803525	44	-35
1658803540	44	-35
1658803540	44	-35
1658803570	36	-31
1658803615	44	-35
1658803615	40	-35
1658803615	40	-35
1658803615	44	-35
1658803615	44	-35
1658803615	44	-85
1658803615	44	-35
1658803615	44	-35
1658803615	44	-35
1658803615	44	-35
1658803615	44	-35
1658803615	44	-35
1658803615	44	-35
1658803615	44	-35
1658803615	44	-35
1658803615	44	-35
1658803615	44	-35
1658803615	44	-35
1658803615	44	-35
1658803615	44	-35
1658803615	44	-35
1658803615	44	-31
1658803615	44	-31
1658803616	44	-33
1658803616	44	-33
1658803616	44	-35
1658803638	44	-35
1658803638	44	-31
1658803638	44	-15
1658803638	44	-31
1658803638	44	-31
1658803638	44	-33
1658803639	44	-31
1658803640	44	-35
1658803640	44	-35
1658803641	44	-35
1658803641	44	-31
1658803641	44	-31
1658803641	44	-31
1658803641	44	-31
1658803641	44	-31
1658803641	44	-35
1658803641	44	-35
1658803641	44	-35
1658803641	44	-35
1658803641	44	-83
1658803641	44	-35
1658803641	44	-81
1658803641	44	-83
1658803641	44	-81
1658803641	44	-35
1658803641	44	-31
1658803641	44	-31
1658803641	44	-33
1658803641	44	-35
1658803641	44	-35
1658803641	44	-35
1658803641	44	-35
1658803641	44	-35
1658803641	44	-35
1658803641	44	-35
1658803641	44	-35
1658803641	44	-35
1658803641	44	-35
1658803641	44	-35
1658803641	44	-35
1658803641	44	-35
1658803641	44	-35
1658803641	44	-35
1658803641	44	-35
1658803641	44	-35
1658803641	44	-35
1658803641	44	-83
1658803641	44	-35
1658803642	44	-35
1658803642	44	-65
1658803642	44	-35
1658803642	44	-35
1658803642	44	-35
1658803642	44	-35
1658803642	44	-35
1658803642	44	-35
1658803642	44	-35
1658803642	44	-35
1658803642	44	-35
1658803642	44	-35
1658803642	44	-35
1658803642	44	-35
1658803642	44	-35
1658803642	44	-35
1658803642	44	-31
1658803642	44	-33
1658803642	44	-95
1658803642	44	-87
1658803642	44	-33
1658803642	44	-31
1658803642	44	-87
1658803643	44	-81
1658803643	44	-35
1658803643	44	-35
1658803643	44	-35
1658803643	44	-35
1658803643	44	-35
1658803643	44	-35
1658803643	44	-35
1658803643	44	-35
1658803643	44	-35
1658803643	44	-35
1658803643	44	-33
1658803643	44	-65
1658803643	44	-31
1658803643	44	-31
1658803643	40	-35
1658803643	44	-35
1658803643	44	-35
1658803643	44	-35
1658803643	44	-35
1658803643	44	-35
1658803643	44	-35
1658803643	44	-35
1658803643	44	-35
1658803643	44	-35
1658803643	44	-35
1658803643	44	-35
1658803643	40	-35
1658803643	44	-35
1658803644	44	-35
1658803644	44	-35
1658803644	44	-93
1658803644	44	-31
1658803644	44	-31
1658803644	44	-31
1658803644	44	-33
1658803645	40	-36
1658803645	40	-35
1658803645	44	-31
1658803645	44	-31
1658803646	44	-35
1658803646	44	-35
1658803675	44	-33
1658803676	44	-31
1658803676	44	-31
1658803676	44	-31
1658803679	44	-31
1658803679	44	-33
1658803681	44	-31
1658803681	44	-31
1658803684	44	-31
1658803684	44	-31
1658803687	44	-35
1658803687	44	-31
1658803687	44	-31
1658803689	44	-35
1658803689	44	-35
1658803689	44	-35
1658803689	44	-35
1658803689	44	-35
1658803692	44	-33
1658803692	44	-31
1658803694	44	-35
1658803697	44	-33
1658803699	44	-35
1658803699	44	-35
1658803729	36	-15
1658803741	44	-15
1658803741	44	-31
1658803792	44	-31
1658803792	44	-33
1658803792	44	-35
1658803815	44	-35
1658803815	44	-35
1658803816	44	-35
1658803816	44	-35
1658803816	44	-35
1658803816	44	-35
1658803816	44	-35
1658803817	44	-35
1658803817	44	-35
1658803819	44	-35
1658803819	44	-35
1658803819	40	-35
1658803819	44	-35
1658803819	44	-35
1658803819	44	-35
1658803820	44	-35
1658803820	44	-35
1658803821	44	-35
1658803821	44	-35
1658803821	44	-35
1658803821	44	-35
1658803822	44	-35
1658803826	44	-35
1658803826	44	-35
1658803857	36	-35
1658803887	36	-35
1658803916	44	-35
1658803916	44	-35
1658803916	44	-35
1658803946	36	-35
1658803951	44	-35
1658803959	44	-35
1658803959	44	-35
1658803960	44	-35
1658803960	44	-35
1658803961	44	-35
1658803961	44	-35
1658803961	44	-35
1658803962	44	-35
1658803962	44	-35
1658803962	44	-35
1658803966	44	-35
1658803966	44	-35
1658803996	36	-35
1658804016	44	-33
1658804016	44	-35
1658804046	36	-35
1658804076	36	-35
1658804076	36	-35
1658804086	44	-35
1658804086	44	-95
1658804115	44	-35
1658804115	44	-35
1658804116	44	-35
1658804141	40	-35
1658804141	44	-35
1658804141	44	-35
1658804154	36	-35
1658804154	36	-35
1658804154	36	-35
1658804154	44	-35
1658804154	32	-74
1658804184	36	-35
1658804190	44	-35
1658804190	44	-35
1658804216	44	-35
1658804216	44	-35
1658804244	44	-35
1658804244	44	-35
1658804252	44	-85
1658804252	44	-35
1658804283	36	-35
1658804287	44	-35
1658804287	44	-35
1658804287	44	-35
1658804288	44	-35
1658804288	44	-35
1658804302	44	-35
1658804302	44	-35
1658804316	44	-35
1658804316	44	-35
1658804318	44	-35
1658804321	44	-35
1658804322	44	-31
1658804352	36	-35
1658804393	44	-35
1658804393	44	-35
1658804410	40	-33
1658804410	44	-35
1658804410	44	-35
1658804414	44	-31
1658804414	44	-15
1658804414	44	-33
1658804414	44	-31
1658804414	44	-35
1658804414	44	-35
1658804414	44	-35
1658804414	44	-35
1658804415	44	-31
1658804415	44	-31
1658804416	44	-35
1658804416	44	-35
1658804433	44	-35
1658804433	44	-35
1658804463	36	-33
1658804493	36	-35
1658804509	44	-15
1658804509	44	-31
1658804509	44	-31
1658804515	44	-37
1658804515	36	-33
1658804515	44	-35
1658804546	36	-35
1658804576	36	-87
1658804580	44	-35
1658804581	44	-35
1658804581	44	-31
1658804581	44	-35
1658804602	44	-35
1658804602	44	-35
1658804602	44	-35
1658804603	44	-35
1658804606	44	-35
1658804606	44	-35
1658804608	44	-31
1658804608	44	-31
1658804608	44	-31
1658804611	44	-35
1658804611	40	-33
1658804611	44	-65
1658804612	44	-35
1658804613	44	-95
1658804613	44	-31
1658804613	44	-31
1658804616	44	-31
1658804616	44	-31
1658804616	44	-65
1658804619	44	-31
1658804619	44	-31
1658804621	44	-31
1658804621	44	-31
1658804626	44	-35
1658804626	44	-35
1658804626	44	-35
1658804656	36	-35
1658804681	44	-33
1658804681	44	-35
1658804682	44	-31
1658804682	44	-31
1658804712	36	-35
1658804715	44	-31
1658804715	44	-31
1658804787	44	-31
1658804787	44	-31
1658804787	44	-15
1658804787	44	-31
1658804787	44	-31
1658804788	44	-31
1658804816	44	-35
1658804816	44	-35
1658804816	44	-31
1658804843	44	-31
1658804843	44	-31
1658804844	44	-35
1658804844	44	-33
1658804845	44	-31
1658804845	40	-15
1658804845	44	-31
1658804845	44	-31
1658804847	44	-33
1658804847	44	-31
1658804862	44	-35
1658804862	44	-35
1658804892	36	-35
1658804917	44	-31
1658804944	44	-31
1658804944	44	-31
1658804974	36	-33
1658804996	44	-35
1658804996	44	-35
1658805008	44	-31
1658805008	44	-31
1658805008	44	-35
1658805008	44	-35
1658805009	44	-31
1658805009	44	-31
1658805009	44	-35
1658805010	44	-33
1658805010	44	-35
1658805010	44	-35
1658805011	44	-15
1658805011	44	-15
1658805012	44	-31
1658805014	44	-35
1658805014	44	-35
1658805015	44	-35
1658805016	44	-35
1658805019	44	-35
1658805019	44	-35
1658805019	44	-35
1658805022	44	-35
1658805024	44	-33
1658805024	44	-81
1658805054	36	-35
1658805084	36	-31
1658805114	36	-31
1658805115	44	-31
1658805115	44	-31
1658805144	44	-31
1658805145	44	-31
1658805157	44	-31
1658805157	44	-31
1658805157	44	-33
1658805157	44	-35
1658805157	44	-31
1658805158	44	-31
1658805158	44	-31
1658805165	44	-31
1658805165	44	-31
1658805165	44	-35
1658805165	44	-35
1658805165	44	-33
1658805165	44	-35
1658805196	44	-31
1658805199	44	-33
1658805199	44	-33
1658805199	44	-35
1658805215	44	-31
1658805215	44	-31
1658805215	44	-15
1658805216	44	-31
1658805246	36	-33
1658805278	44	-35
1658805278	44	-35
1658805306	44	-31
1658805306	44	-31
1658805309	44	-31
1658805309	44	-31
1658805315	44	-35
1658805315	44	-35
1658805316	44	-31
1658805316	44	-35
1658805316	44	-35
1658805316	36	-35
1658805316	36	-35
1658805316	44	-33
1658805316	36	-35
1658805317	40	-35
1658805317	36	-35
1658805317	36	-35
1658805317	36	-33
1658805317	36	-33
1658805317	36	-35
1658805317	36	-35
1658805317	36	-35
1658805318	36	-33
1658805318	36	-35
1658805318	36	-35
1658805318	36	-35
1658805318	36	-35
1658805318	44	-35
1658805318	36	-33
1658805318	36	-35
1658805318	44	-35
1658805318	36	-35
1658805318	36	-35
1658805318	36	-35
1658805318	36	-35
1658805318	44	-33
1658805318	36	-35
1658805319	36	-35
1658805319	36	-35
1658805319	36	-35
1658805319	44	-35
1658805320	40	-34
1658805320	40	-34
1658805320	40	0
1658805320	40	0
1658805320	40	-34
1658805320	40	0
1658805321	44	-35
1658805321	44	-31
1658805322	44	-31
1658805322	44	-35
1658805322	44	-35
1658805323	44	-35
1658805323	44	-35
1658805323	44	-35
1658805323	40	-34
1658805323	40	0
1658805323	40	0
1658805323	44	-35
1658805324	44	-33
1658805324	44	-35
1658805324	44	-35
1658805324	44	-35
1658805325	44	-33
1658805325	40	-35
1658805325	40	-36
1658805325	44	-15
1658805326	44	-33
1658805326	44	-35
1658805326	44	-35
1658805326	44	-35
1658805326	44	-35
1658805326	44	-35
1658805328	44	-35
1658805328	44	-35
1658805329	44	-35
1658805329	44	-35
1658805329	44	-35
1658805329	44	-35
1658805331	44	-35
1658805331	44	-35
1658805331	44	-35
1658805331	44	-31
1658805331	44	-31
1658805361	36	-31
1658805361	36	-31
1658805391	36	-35
1658805416	44	-35
1658805416	44	-35
1658805416	44	-35
1658805426	44	-31
1658805427	44	-31
1658805466	44	-31
1658805466	44	-35
1658805467	44	-35
1658805467	44	-35
1658805467	44	-31
1658805467	44	-31
1658805467	44	-33
1658805467	44	-33
1658805467	44	-31
1658805467	44	-31
1658805467	44	-35
1658805467	44	-35
1658805467	44	-95
1658805478	44	-35
1658805478	44	-35
1658805478	44	-31
1658805478	44	-31
1658805508	36	-35
1658805516	44	-31
1658805516	44	-33
1658805516	44	-31
1658805529	44	-31
1658805529	44	-31
1658805529	44	-35
1658805530	44	-35
1658805530	44	-31
1658805530	44	-15
1658805530	44	-33
1658805530	44	-35
1658805530	44	-35
1658805531	44	-35
1658805531	40	-35
1658805531	44	-35
1658805531	44	-35
1658805533	44	-35
1658805533	44	-35
1658805535	44	-33
1658805535	44	-35
1658805538	44	-85
1658805538	44	-33
1658805540	44	-31
1658805540	44	-31
1658805543	44	-31
1658805545	44	-35
1658805545	44	-35
1658805545	44	-35
1658805545	44	-33
1658805545	44	-33
1658805548	44	-31
1658805551	44	-35
1658805551	44	-35
1658805553	44	-33
1658805557	44	-35
1658805560	44	-35
1658805560	44	-35
1658805560	44	-15
1658805560	44	-31
1658805560	40	-35
1658805561	44	-31
1658805564	44	-35
1658805564	44	-81
1658805565	44	-31
1658805565	44	-31
1658805595	36	-35
1658805616	44	-31
1658805616	44	-31
1658805617	44	-31
1658805618	44	-31
1658805619	44	-31
1658805619	44	-31
1658805619	44	-31
1658805619	44	-31
1658805619	44	-33
1658805619	44	-35
1658805619	44	-35
1658805619	44	-33
1658805620	44	-35
1658805621	44	-31
1658805621	44	-33
1658805621	44	-33
1658805622	44	-33
1658805622	44	-33
1658805622	44	-35
1658805622	44	-35
1658805623	44	-31
1658805623	44	-15
1658805623	44	-31
1658805623	44	-31
1658805624	44	-33
1658805624	44	-35
1658805630	44	-31
1658805630	44	-31
1658805633	40	-33
1658805633	44	-15
1658805633	44	-31
1658805657	44	-35
1658805663	44	-31
1658805663	44	-33
1658805663	44	-35
1658805663	44	-35
1658805693	36	-31
1658805719	44	-31
1658805719	44	-31
1658805737	44	-31
1658805737	44	-31
1658805744	44	-35
1658805745	44	-35
1658805747	44	-35
1658805747	44	-33
1658805777	36	-35
1658805807	36	-35
1658805815	44	-31
1658805816	44	-31
1658805819	44	-31
1658805819	44	-31
1658805823	44	-35
1658805824	44	-35
1658805825	44	-35
1658805826	44	-35
1658805856	36	-33
1658805860	44	-35
1658805860	44	-35
1658805860	44	-35
1658805865	40	-35
1658805865	44	-35
1658805877	44	-35
1658805877	44	-33
1658805877	44	-31
1658805877	44	-33
1658805877	44	-31
1658805901	44	-35
1658805901	44	-35
1658805901	44	-35
1658805901	44	-35
1658805902	44	-35
1658805902	44	-35
1658805919	44	-35
1658805920	44	-35
1658805921	44	-35
1658805921	44	-35
1658805951	36	-35
1658805973	44	-31
1658805973	44	-15
1658805973	44	-35
1658805973	44	-35
1658805973	44	-35
1658805974	44	-33
1658805974	44	-35
1658805974	44	-35
1658805974	44	-35
1658806004	36	-35
1658806004	36	-35
1658806004	36	-33
1658806008	44	-31
1658806009	44	-15
1658806011	40	-35
1658806011	40	0
1658806011	44	-35
1658806017	40	-35
1658806017	44	-33
1658806020	44	-35
1658806020	44	-35
1658806021	44	-35
1658806021	44	-35
1658806031	44	-35
1658806031	44	-33
1658806032	44	-35
1658806032	44	-35
1658806042	44	-35
1658806042	44	-35
1658806044	44	-31
1658806044	44	-31
1658806047	44	-35
1658806070	44	-33
1658806070	44	-31
1658806073	44	-31
1658806073	44	-31
1658806073	44	-31
1658806087	44	-33
1658806087	44	-31
1658806117	36	-31
1658806120	44	-35
1658806120	44	-35
1658806133	44	-31
1658806133	44	-31
1658806160	44	-33
1658806160	44	-35
1658806160	44	-33
1658806160	44	-35
1658806160	44	-31
1658806161	44	-33
1658806180	40	-31
1658806180	44	-31
1658806180	44	-31
1658806203	44	-31
1658806204	44	-31
1658806205	44	-81
1658806206	44	-31
1658806207	44	-31
1658806207	44	-31
1658806207	36	-15
1658806207	36	-33
1658806207	36	-31
1658806207	44	-31
1658806207	36	-31
1658806207	36	-31
1658806207	44	-31
1658806207	36	-33
1658806207	36	-31
1658806207	44	-31
1658806208	36	-31
1658806208	36	-31
1658806208	36	-15
1658806208	44	-31
1658806208	36	-31
1658806208	44	-31
1658806208	44	-31
1658806208	36	-31
1658806208	36	-31
1658806208	44	-31
1658806208	36	-15
1658806208	36	-31
1658806208	44	-33
1658806209	36	-31
1658806209	36	-31
1658806209	44	-31
1658806209	36	-31
1658806209	36	-33
1658806209	36	-31
1658806209	36	-31
1658806209	44	-31
1658806209	36	-31
1658806209	36	-31
1658806209	44	-31
1658806209	36	-31
1658806209	36	-31
1658806209	44	-31
1658806210	36	-27
1658806210	36	-31
1658806210	44	-31
1658806210	36	-31
1658806210	44	-31
1658806210	36	-31
1658806210	44	-31
1658806210	44	-31
1658806210	36	-31
1658806210	36	-33
1658806210	36	-31
1658806210	36	-31
1658806210	44	-31
1658806210	44	-31
1658806211	36	-31
1658806211	36	-31
1658806211	44	-31
1658806211	36	-31
1658806211	36	-15
1658806211	44	-31
1658806211	36	-33
1658806211	36	-35
1658806211	44	-35
1658806211	36	-35
1658806211	36	-35
1658806211	44	-31
1658806211	44	-31
1658806211	36	-31
1658806212	36	-31
1658806212	44	-31
1658806212	36	-31
1658806212	36	-31
1658806212	36	-15
1658806212	44	-35
1658806212	36	-15
1658806212	36	-31
1658806212	44	-35
1658806212	36	-31
1658806212	36	-15
1658806212	44	-23
1658806212	36	-33
1658806212	44	-35
1658806212	36	-35
1658806213	36	-35
1658806213	44	-31
1658806213	36	-35
1658806213	36	-31
1658806213	36	-35
1658806213	36	-35
1658806213	36	-35
1658806214	36	-35
1658806214	36	-35
1658806214	36	-35
1658806214	36	-35
1658806214	36	-37
1658806214	36	-39
1658806214	36	-37
1658806215	36	-39
1658806215	36	-39
1658806215	36	-37
1658806215	36	-37
1658806215	36	-37
1658806215	36	-37
1658806215	36	-37
1658806215	36	-35
1658806216	36	-35
1658806216	36	-35
1658806216	36	-37
1658806216	36	-35
1658806216	36	-35
1658806216	44	-35
1658806217	36	-37
1658806217	36	-35
1658806217	36	-37
1658806217	36	-37
1658806217	36	-37
1658806217	36	-33
1658806218	44	-31
1658806218	44	-31
1658806219	44	-35
1658806220	44	-35
1658806220	44	-35
1658806220	44	-35
1658806220	44	-33
1658806220	44	-31
1658806221	44	-35
1658806221	44	-35
1658806221	44	-31
1658806221	44	-31
1658806221	44	-31
1658806221	44	-31
1658806222	44	-31
1658806225	44	-31
1658806225	44	-31
1658806226	44	-35
1658806226	44	-35
1658806227	44	-35
1658806227	44	-35
1658806227	44	-35
1658806227	44	-35
1658806228	44	-35
1658806229	44	-35
1658806229	44	-31
1658806230	40	-31
1658806230	44	-31
1658806230	44	-31
1658806234	44	-35
1658806234	44	-93
1658806234	44	-35
1658806235	44	-31
1658806235	44	-31
1658806235	44	-31
1658806236	44	-35
1658806242	44	-35
1658806242	44	-35
1658806247	44	-31
1658806247	44	-31
1658806248	44	-31
1658806248	44	-31
1658806250	44	-35
1658806250	44	-35
1658806250	44	-35
1658806250	44	-35
1658806251	40	-34
1658806251	44	-35
1658806251	44	-81
1658806252	44	-35
1658806253	44	-33
1658806253	44	-31
1658806254	44	-35
1658806256	44	-31
1658806256	44	-31
1658806257	44	-31
1658806258	44	-31
1658806261	44	-35
1658806261	44	-35
1658806261	40	-35
1658806261	44	-35
1658806261	44	-35
1658806262	44	-31
1658806265	44	-35
1658806265	44	-31
1658806266	40	-34
1658806266	36	-35
1658806267	44	-35
1658806267	44	-35
1658806267	44	-35
1658806267	36	-35
1658806267	36	-35
1658806267	44	-35
1658806267	44	-33
1658806267	44	-87
1658806267	44	-35
1658806267	36	-35
1658806267	36	-35
1658806267	36	-35
1658806267	44	-35
1658806267	36	-29
1658806267	36	-31
1658806267	36	-29
1658806267	36	-31
1658806267	36	-31
1658806267	44	-31
1658806267	36	-35
1658806268	36	-37
1658806268	36	-37
1658806268	36	-35
1658806268	44	-35
1658806268	36	-35
1658806268	44	-35
1658806268	36	-35
1658806268	36	-35
1658806268	36	-35
1658806268	36	-35
1658806268	36	-35
1658806268	36	-35
1658806268	44	-35
1658806268	36	-35
1658806268	36	-33
1658806269	36	-35
1658806269	36	-31
1658806269	36	-31
1658806269	36	-31
1658806269	36	-35
1658806269	36	-35
1658806269	36	-35
1658806269	36	-35
1658806269	36	-35
1658806270	36	-35
1658806270	36	-31
1658806270	36	-31
1658806270	36	-35
1658806270	36	-35
1658806270	36	-35
1658806270	36	-35
1658806270	36	-35
1658806271	36	-35
1658806271	36	-35
1658806271	44	-35
1658806271	44	-35
1658806271	36	-35
1658806271	36	-35
1658806271	36	-35
1658806271	36	-31
1658806271	44	-31
1658806271	40	-32
1658806271	36	-35
1658806271	36	-33
1658806272	36	-31
1658806272	36	-35
1658806272	36	-35
1658806272	36	-31
1658806272	36	-31
1658806272	36	-31
1658806272	44	-31
1658806273	36	-31
1658806273	36	-31
1658806273	36	-31
1658806273	36	-31
1658806273	36	-31
1658806274	36	-31
1658806274	36	-15
1658806274	36	-35
1658806274	36	-31
1658806274	36	-35
1658806274	36	-33
1658806274	36	-31
1658806274	36	-31
1658806274	36	-31
1658806274	36	-35
1658806275	36	-35
1658806275	36	-93
1658806275	36	-31
1658806275	36	-31
1658806275	36	-31
1658806275	36	-31
1658806276	36	-31
1658806276	36	-31
1658806276	36	-31
1658806276	36	-31
1658806276	36	-31
1658806276	36	-31
1658806276	36	-35
1658806276	36	-35
1658806277	36	-35
1658806277	36	-31
1658806277	36	-31
1658806277	36	-31
1658806277	36	-31
1658806277	36	-35
1658806277	36	-35
1658806278	36	-35
1658806278	36	-31
1658806278	36	-31
1658806278	36	-31
1658806279	36	-31
1658806279	36	-31
1658806279	36	-31
1658806279	36	-31
1658806279	36	-35
1658806279	36	-35
1658806279	36	-31
1658806279	36	-35
1658806279	36	-35
1658806279	36	-35
1658806279	36	-33
1658806280	36	-33
1658806280	36	-31
1658806280	36	-33
1658806280	36	-35
1658806280	36	-31
1658806280	36	-35
1658806281	44	-35
1658806282	44	-35
1658806284	44	-31
1658806284	44	-31
1658806285	44	-35
1658806285	44	-35
1658806285	44	-35
1658806285	44	-35
1658806288	44	-35
1658806288	44	-35
1658806288	44	-35
1658806289	44	-35
1658806319	36	-31
1658806322	40	-31
1658806322	44	-31
1658806322	44	-31
1658806324	44	-31
1658806325	44	-31
1658806325	44	-31
1658806326	44	-15
1658806326	44	-35
1658806326	36	-35
1658806326	36	-35
1658806326	44	-35
1658806327	44	-31
1658806327	44	-33
1658806327	44	-31
1658806327	36	-31
1658806327	36	-31
1658806327	36	-31
1658806327	44	-83
1658806332	44	-31
1658806332	36	-31
1658806332	36	-31
1658806332	36	-35
1658806332	36	-31
1658806332	36	-33
1658806332	36	-35
1658806332	36	-31
1658806332	36	-33
1658806333	36	-35
1658806333	36	-31
1658806333	36	-31
1658806333	36	-31
1658806333	36	-31
1658806333	36	-31
1658806334	36	-31
1658806334	36	-31
1658806334	36	-93
1658806334	36	-35
1658806334	36	-15
1658806334	36	-35
1658806334	36	-35
1658806334	36	-35
1658806334	36	-35
1658806334	36	-31
1658806334	36	-35
1658806334	36	-35
1658806334	36	-35
1658806334	36	-35
1658806335	36	-35
1658806335	36	-35
1658806335	36	-35
1658806335	36	-35
1658806335	36	-31
1658806335	36	-35
1658806335	36	-35
1658806335	36	-35
1658806335	36	-35
1658806335	36	-35
1658806336	36	-35
1658806336	36	-35
1658806336	36	-35
1658806336	36	-35
1658806336	36	-35
1658806336	36	-35
1658806336	44	-35
1658806336	36	-33
1658806336	36	-33
1658806336	36	-35
1658806336	36	-35
1658806337	36	-35
1658806337	36	-33
1658806337	36	-35
1658806337	36	-33
1658806337	36	-31
1658806337	36	-35
1658806337	36	-35
1658806337	36	-35
1658806337	36	-35
1658806337	36	-35
1658806338	36	-31
1658806338	36	-31
1658806338	36	-31
1658806338	36	-31
1658806338	36	-31
1658806338	36	-31
1658806338	36	-35
1658806338	36	-31
1658806339	36	-33
1658806339	36	-31
1658806339	36	-31
1658806339	36	-33
1658806339	36	-33
1658806339	36	-35
1658806339	36	-31
1658806339	36	-31
1658806340	36	-31
1658806340	36	-31
1658806343	44	-35
1658806344	44	-35
1658806350	44	-35
1658806375	44	-31
1658806375	44	-31
1658806386	40	-31
1658806386	44	-31
1658806386	36	-31
1658806387	36	-31
1658806387	44	-31
1658806387	40	-35
1658806387	44	-35
1658806387	44	-35
1658806387	44	-35
1658806387	36	-35
1658806387	36	-35
1658806388	36	-35
1658806388	36	-31
1658806388	36	-31
1658806388	36	-31
1658806388	36	-31
1658806388	36	-31
1658806388	36	-33
1658806388	36	-31
1658806388	36	-31
1658806388	36	-31
1658806388	36	-31
1658806388	36	-31
1658806388	36	-31
1658806389	36	-35
1658806389	36	-35
1658806389	36	-35
1658806389	36	-35
1658806389	36	-35
1658806389	36	-35
1658806389	44	-35
1658806389	36	-35
1658806389	36	-35
1658806389	36	-37
1658806389	36	-35
1658806389	36	-35
1658806390	36	-35
1658806390	36	-33
1658806390	36	-93
1658806390	36	-33
1658806390	36	-33
1658806390	36	-33
1658806390	36	-35
1658806390	36	-35
1658806391	36	-33
1658806391	36	-35
1658806391	36	-33
1658806391	36	-35
1658806391	36	-37
1658806391	36	-35
1658806391	36	-35
1658806391	36	-35
1658806391	36	-35
1658806391	36	-35
1658806391	36	-35
1658806392	36	-35
1658806392	36	-35
1658806392	36	-35
1658806392	36	-35
1658806392	36	-35
1658806392	36	-37
1658806392	36	-35
1658806392	36	-35
1658806393	36	-35
1658806393	36	-35
1658806393	36	-35
1658806393	36	-35
1658806394	36	-39
1658806394	36	-37
1658806394	36	-35
1658806394	36	-35
1658806394	36	-37
1658806394	36	-35
1658806394	36	-39
1658806394	36	-39
1658806394	36	-37
1658806394	36	-37
1658806394	36	-37
1658806394	36	-37
1658806394	36	-39
1658806395	36	-39
1658806395	36	-39
1658806395	36	-37
1658806395	36	-35
1658806395	36	-39
1658806395	36	-37
1658806395	36	-37
1658806395	36	-37
1658806395	36	-35
1658806395	36	-35
1658806396	36	-35
1658806396	36	-35
1658806396	36	-35
1658806396	44	-35
1658806396	44	-31
1658806396	36	-33
1658806396	36	-31
1658806396	36	-35
1658806396	44	-33
1658806397	36	-27
1658806397	36	-27
1658806397	36	-27
1658806397	36	-27
1658806397	36	-27
1658806397	36	-27
1658806397	36	-27
1658806397	36	-27
1658806397	36	-15
1658806397	36	-31
1658806397	36	-31
1658806398	36	-35
1658806398	36	-31
1658806398	36	-31
1658806398	36	-31
1658806398	36	-31
1658806398	36	-31
1658806398	36	-31
1658806398	36	-87
1658806398	36	-35
1658806399	36	-35
1658806399	36	-35
1658806399	36	-35
1658806399	36	-31
1658806399	36	-31
1658806399	36	-31
1658806399	36	-31
1658806401	44	-31
1658806401	40	-31
1658806401	44	-31
1658806401	44	-33
1658806404	44	-31
1658806410	44	-35
1658806410	44	-35
1658806411	44	-31
1658806411	44	-31
1658806411	44	-35
1658806411	44	-35
1658806411	44	-31
1658806411	44	-33
1658806435	44	-35
1658806436	44	-37
1658806448	44	-35
1658806449	44	-35
1658806449	40	-31
1658806449	44	-31
1658806449	44	-95
1658806449	44	-31
1658806449	44	-31
1658806450	44	-15
1658806451	44	-33
1658806451	44	-31
1658806451	44	-31
1658806455	44	-35
1658806456	44	-35
1658806456	44	-35
1658806456	44	-35
1658806456	44	-35
1658806459	44	-31
1658806459	44	-31
1658806459	44	-31
1658806459	44	-31
1658806462	44	-35
1658806462	44	-35
1658806462	44	-35
1658806462	44	-35
1658806462	44	-35
1658806467	44	-15
1658806467	44	-31
1658806467	44	-33
1658806468	44	-15
1658806468	44	-31
1658806474	44	-31
1658806474	44	-31
1658806474	44	-85
1658806474	44	-31
1658806475	44	-35
1658806475	44	-35
1658806507	36	-35
1658806507	40	-35
1658806507	44	-35
1658806507	44	-35
1658806508	44	-33
1658806508	44	-31
1658806508	44	-35
1658806508	44	-35
1658806513	44	-31
1658806513	44	-31
1658806513	44	-31
1658806513	44	-31
1658806518	44	-35
1658806518	44	-35
1658806548	36	-31
1658806555	44	-31
1658806555	44	-33
1658806555	44	-31
1658806556	44	-31
1658806556	44	-31
1658806556	44	-35
1658806556	44	-35
1658806568	44	-15
1658806568	44	-31
1658806568	40	-31
1658806568	44	-31
1658806569	44	-31
1658806571	44	-31
1658806571	44	-31
1658806571	44	-31
1658806571	44	-35
1658806571	44	-33
1658806571	44	-35
1658806581	44	-35
1658806581	44	-35
1658806581	44	-35
1658806618	44	-31
1658806618	44	-31
1658806636	40	-35
1658806636	44	-31
1658806636	44	-31
1658806666	36	-35
1658806696	36	-35
1658806710	44	-35
1658806710	44	-35
1658806710	44	-35
1658806710	44	-35
1658806711	44	-35
1658806718	44	-35
1658806718	44	-35
1658806747	40	-31
1658806747	40	-31
1658806747	44	-33
1658806747	44	-31
1658806752	44	-31
1658806752	44	-31
1658806752	44	-31
1658806752	44	-35
1658806752	44	-35
1658806793	44	-35
1658806794	44	-35
1658806809	40	-35
1658806809	44	-35
1658806809	44	-35
1658806818	44	-35
1658806819	44	-35
1658806849	36	-35
1658806868	44	-35
1658806868	44	-85
1658806902	44	-33
1658806903	44	-33
1658806903	44	-31
1658806903	40	-31
1658806903	44	-31
1658806903	44	-33
1658806919	44	-35
1658806919	44	-35
1658806949	36	-35
1658807000	44	-31
1658807000	44	-33
1658807000	44	-35
1658807001	44	-35
1658807002	44	-31
1658807002	44	-83
1658807002	44	-35
1658807002	44	-35
1658807002	44	-35
1658807009	40	-35
1658807009	44	-93
1658807009	44	-35
1658807011	44	-35
1658807011	44	-35
1658807027	44	-31
1658807028	44	-33
1658807028	44	-31
1658807028	44	-31
1658807028	44	-33
1658807028	44	-35
1658807028	44	-35
1658807028	32	-60
1658807029	44	-35
1658807029	44	-35
1658807029	44	-35
1658807030	44	-31
1658807031	44	-31
1658807040	44	-35
1658807042	44	-31
1658807042	44	-31
1658807043	44	-31
1658807043	44	-31
1658807044	44	-33
1658807044	44	-31
1658807044	44	-31
1658807044	44	-35
1658807046	44	-31
1658807095	44	-35
1658807095	44	-35
1658807095	44	-35
1658807095	44	-83
1658807100	44	-31
1658807100	44	-31
1658807109	44	-31
1658807109	44	-31
1658807109	44	-31
1658807109	44	-31
1658807109	44	-31
1658807110	44	-31
1658807110	44	-31
1658807110	44	-31
1658807110	44	-31
1658807110	44	-35
1658807110	44	-35
1658807110	44	-35
1658807114	44	-31
1658807114	44	-31
1658807114	44	-35
1658807115	44	-35
1658807115	44	-31
1658807115	44	-31
1658807115	44	-31
1658807115	44	-31
1658807116	44	-35
1658807116	44	-35
1658807116	44	-35
1658807116	44	-35
1658807117	40	-31
1658807117	44	-31
1658807117	44	-33
1658807122	44	-35
1658807123	44	-35
1658807123	44	-31
1658807123	44	-31
1658807124	44	-35
1658807124	44	-35
1658807124	44	-35
1658807124	44	-35
1658807124	44	-35
1658807125	44	-35
1658807125	44	-35
1658807128	44	-35
1658807128	44	-35
1658807129	44	-35
1658807129	44	-31
1658807129	44	-31
1658807129	44	-35
1658807129	44	-35
1658807129	44	-35
1658807130	44	-35
1658807130	44	-35
1658807130	44	-31
1658807130	44	-33
1658807131	44	-35
1658807131	44	-35
1658807132	44	-33
1658807133	44	-15
1658807134	44	-31
1658807140	44	-33
1658807140	44	-35
1658807140	44	-31
1658807140	44	-31
1658807145	44	-31
1658807145	44	-31
1658807145	44	-31
1658807145	40	-31
1658807145	44	-31
1658807145	44	-31
1658807147	44	-81
1658807147	44	-35
1658807152	44	-31
1658807152	44	-31
1658807156	44	-35
1658807156	44	-35
1658807156	44	-35
1658807161	44	-35
1658807161	44	-35
1658807167	44	-35
1658807167	44	-31
1658807171	44	-31
1658807171	44	-31
1658807172	44	-35
1658807173	44	-31
1658807173	44	-31
1658807175	44	-31
1658807175	44	-31
1658807177	44	-35
1658807178	44	-35
1658807178	44	-35
1658807178	44	-35
1658807178	40	-35
1658807180	44	-35
1658807180	44	-35
1658807196	44	-31
1658807201	44	-33
1658807201	44	-31
1658807218	44	-35
1658807218	44	-35
1658807219	44	-33
1658807219	44	-31
1658807226	44	-35
1658807226	44	-35
1658807226	44	-31
1658807226	44	-35
1658807226	44	-35
1658807226	44	-35
1658807227	44	-35
1658807229	40	-35
1658807229	44	-35
1658807229	44	-35
1658807229	44	-35
1658807229	44	-35
1658807259	36	-35
1658807259	36	-35
1658807270	44	-31
1658807270	44	-31
1658807270	44	-31
1658807271	44	-31
1658807271	44	-35
1658807271	44	-35
1658807273	44	-35
1658807280	44	-35
1658807280	44	-35
1658807281	44	-35
1658807281	44	-31
1658807286	44	-31
1658807286	44	-31
1658807290	40	-31
1658807290	44	-31
1658807290	44	-31
1658807291	44	-31
1658807291	44	-31
1658807291	44	-31
1658807291	44	-35
1658807292	44	-35
1658807293	44	-35
1658807293	44	-35
1658807293	44	-35
1658807301	44	-35
1658807301	44	-35
1658807329	44	-31
1658807329	44	-31
1658807346	44	-35
1658807346	44	-35
1658807346	44	-35
1658807346	44	-35
1658807347	44	-35
1658807347	44	-35
1658807349	44	-35
1658807349	40	-34
1658807349	40	-34
1658807349	40	-35
1658807349	44	-35
1658807363	44	-35
1658807363	44	-35
1658807363	44	-33
1658807363	44	-35
1658807370	44	-33
1658807376	40	-35
1658807376	44	-35
1658807376	44	-35
1658807401	44	-31
1658807402	44	-31
1658807407	44	-35
1658807407	44	-31
1658807407	44	-35
1658807407	44	-35
1658807407	44	-35
1658807413	44	-35
1658807413	44	-31
1658807413	44	-31
1658807413	44	-33
1658807428	44	-35
1658807429	44	-37
1658807429	44	-37
1658807429	44	-31
1658807429	44	-31
1658807446	44	-31
1658807446	44	-31
1658807446	44	-31
1658807467	44	-31
1658807467	44	-31
1658807468	44	-31
1658807470	44	-31
1658807470	44	-31
1658807479	40	-31
1658807479	44	-31
1658807479	44	-31
1658807502	44	-37
1658807502	44	-37
1658807502	44	-35
1658807502	44	-35
1658807527	44	-35
1658807527	44	-35
1658807527	44	-39
1658807527	36	-39
1658807527	36	-39
1658807528	36	-39
1658807528	44	-39
1658807528	36	-37
1658807528	36	-39
1658807528	36	-37
1658807528	36	-39
1658807528	44	-39
1658807528	40	-39
1658807528	36	-39
1658807528	36	-39
1658807528	36	-39
1658807528	36	-39
1658807528	36	-39
1658807529	36	-39
1658807529	36	-39
1658807529	36	-39
1658807529	36	-39
1658807529	44	-39
1658807529	36	-15
1658807529	36	-39
1658807529	36	-39
1658807529	36	-39
1658807529	36	-39
1658807530	36	-35
1658807530	36	-35
1658807530	36	-35
1658807530	36	-35
1658807530	36	-35
1658807530	40	-36
1658807530	36	-35
1658807531	36	-35
1658807531	36	-35
1658807531	36	-35
1658807531	44	-35
1658807531	36	-35
1658807531	36	-35
1658807531	36	-35
1658807531	44	-35
1658807532	36	-35
1658807532	36	-35
1658807532	44	-35
1658807532	36	-35
1658807532	36	-35
1658807532	36	-35
1658807532	44	-35
1658807532	36	-35
1658807532	36	-35
1658807532	44	-35
1658807532	36	-35
1658807533	36	-35
1658807533	36	-35
1658807533	44	-65
1658807533	36	-35
1658807533	36	-35
1658807533	36	-35
1658807533	36	-35
1658807533	36	-35
1658807533	36	-35
1658807534	36	-35
1658807534	36	-35
1658807534	36	-35
1658807534	36	-35
1658807534	36	-35
1658807534	36	-35
1658807535	36	-35
1658807535	36	-35
1658807535	36	-35
1658807535	36	-35
1658807535	36	-35
1658807536	36	-35
1658807536	36	-35
1658807536	36	-35
1658807536	36	-35
1658807536	36	-35
1658807536	36	-33
1658807536	36	-35
1658807536	36	-35
1658807536	36	-35
1658807536	36	-35
1658807536	40	-35
1658807537	36	-39
1658807537	44	-39
1658807537	36	-39
1658807537	36	-39
1658807537	36	-39
1658807537	36	-39
1658807537	36	-39
1658807537	36	-39
1658807537	36	-39
1658807537	36	-39
1658807539	44	-39
1658807558	44	-43
1658807587	44	-37
1658807587	44	-35
1658807587	44	-35
1658807594	44	-31
1658807595	44	-31
1658807602	44	-35
1658807602	44	-35
1658807602	44	-35
1658807602	44	-31
1658807602	44	-33
1658807602	44	-81
1658807602	44	-31
1658807602	44	-31
1658807614	40	-35
1658807614	44	-35
1658807614	44	-35
1658807644	36	-35
1658807658	44	-31
1658807658	44	-31
1658807679	44	-79
1658807679	44	-31
1658807683	44	-31
1658807683	44	-31
1658807684	44	-31
1658807684	44	-31
1658807693	44	-31
1658807693	44	-35
1658807693	44	-31
1658807699	40	-31
1658807699	40	-35
1658807699	40	-31
1658807699	44	-31
1658807703	44	-31
1658807718	44	-37
1658807719	44	-15
1658807719	44	-33
1658807721	44	-33
1658807721	36	-31
1658807721	36	-31
1658807721	44	-31
1658807721	44	-27
1658807721	36	-27
1658807722	36	-23
1658807722	36	-23
1658807722	36	-23
1658807722	36	-23
1658807722	36	-23
1658807722	36	-23
1658807722	36	-23
1658807722	36	-23
1658807722	36	-23
1658807722	36	-23
1658807722	36	-27
1658807722	36	-29
1658807723	36	-29
1658807723	36	-27
1658807723	36	-29
1658807723	36	-27
1658807723	36	-27
1658807723	36	-23
1658807723	36	-23
1658807723	36	-23
1658807724	36	-23
1658807724	36	-27
1658807724	36	-27
1658807724	36	-27
1658807724	36	-27
1658807724	36	-27
1658807724	36	-27
1658807724	36	-27
1658807724	36	-27
1658807724	36	-29
1658807724	36	-29
1658807725	36	-85
1658807725	36	-27
1658807725	36	-31
1658807725	36	-23
1658807725	36	-23
1658807725	36	-23
1658807725	36	-23
1658807726	36	-23
1658807726	36	-23
1658807726	36	-23
1658807726	36	-23
1658807726	36	-23
1658807726	36	-23
1658807726	36	-23
1658807726	36	-23
1658807726	36	-23
1658807726	36	-23
1658807726	36	-23
1658807726	36	-23
1658807726	36	-23
1658807726	36	-23
1658807727	36	-23
1658807727	36	-23
1658807727	36	-23
1658807727	36	-23
1658807727	36	-23
1658807727	36	-23
1658807728	36	-27
1658807728	36	-27
1658807728	36	-23
1658807728	36	-23
1658807728	36	-23
1658807728	36	-23
1658807728	36	-23
1658807729	36	-23
1658807729	36	-23
1658807729	36	-23
1658807729	36	-23
1658807729	36	-23
1658807729	36	-23
1658807729	36	-23
1658807729	36	-23
1658807729	36	-23
1658807729	36	-23
1658807729	36	-23
1658807730	36	-23
1658807730	36	-23
1658807730	36	-23
1658807730	36	-23
1658807730	36	-23
1658807730	36	-23
1658807730	36	-23
1658807731	36	-23
1658807731	36	-23
1658807731	36	-23
1658807731	36	-23
1658807731	36	-23
1658807731	44	-19
1658807732	44	-23
1658807733	44	-19
1658807733	44	-19
1658807735	44	-27
1658807735	44	-27
1658807735	44	-27
1658807735	44	-25
1658807735	44	-27
1658807735	44	-27
1658807736	44	-23
1658807736	44	-23
1658807736	44	-23
1658807736	44	-23
1658807736	44	-23
1658807736	44	-23
1658807736	44	-23
1658807737	44	-23
1658807737	44	-23
1658807737	44	-23
1658807739	44	-27
1658807739	44	-27
1658807739	44	-27
1658807741	44	-27
1658807744	44	-89
1658807744	44	-27
1658807744	44	-29
1658807744	44	-27
1658807744	44	-23
1658807745	44	-23
1658807745	44	-23
1658807745	44	-29
1658807745	44	-29
1658807745	44	-27
1658807745	44	-27
1658807746	40	-27
1658807746	44	-23
1658807749	44	-27
1658807754	40	-23
1658807754	44	-23
1658807754	44	-23
1658807757	44	-27
1658807770	44	-27
1658807770	44	-27
1658807772	44	-23
1658807772	44	-23
1658807773	44	-23
1658807784	44	-23
1658807784	44	-23
1658807784	44	-27
1658807784	44	-27
1658807784	44	-27
1658807803	44	-23
1658807803	44	-23
1658807827	44	-23
1658807827	44	-23
1658807828	44	-27
1658807828	44	-27
1658807829	44	-23
1658807829	44	-23
1658807830	44	-27
1658807830	44	-23
1658807831	44	-23
1658807831	44	-23
1658807832	44	-23
1658807832	44	-15
1658807832	44	-23
1658807832	44	-27
1658807832	44	-27
1658807832	44	-23
1658807833	40	-23
1658807837	44	-23
1658807837	44	-23
1658807838	44	-27
1658807838	44	-27
1658807838	44	-23
1658807838	44	-23
1658807838	44	-23
1658807839	44	-23
1658807839	44	-23
1658807839	44	-23
1658807852	44	-27
1658807852	44	-27
1658807852	44	-23
1658807853	44	-27
1658807853	44	-27
1658807862	44	-23
1658807862	44	-23
1658807880	44	-23
1658807880	44	-23
1658807880	44	-23
1658807881	44	-27
1658807881	44	-27
1658807892	44	-27
1658807893	44	-27
1658807897	44	-27
1658807898	44	-27
1658807898	44	-27
1658807898	44	-27
1658807898	44	-27
1658807898	44	-23
1658807898	44	-23
1658807902	44	-27
1658807902	44	-27
1658807902	44	-27
1658807904	44	-23
1658807905	44	-27
1658807905	44	-23
1658807905	44	-23
1658807907	44	-27
1658807907	44	-27
1658807907	44	-29
1658807909	44	-23
1658807910	44	-23
1658807910	44	-27
1658807910	44	-27
1658807910	44	-27
1658807910	44	-23
1658807912	44	-27
1658807914	44	-23
1658807915	44	-23
1658807915	44	-23
1658807915	44	-23
1658807915	44	-23
1658807916	44	-27
1658807916	44	-27
1658807917	44	-27
1658807918	44	-23
1658807918	44	-23
1658807918	44	-23
1658807919	44	-23
1658807923	44	-23
1658807923	44	-23
1658807926	44	-27
1658807926	44	-27
1658807927	44	-27
1658807927	44	-27
1658807929	44	-27
1658807929	44	-27
1658807929	44	-23
1658807930	44	-23
1658807931	44	-95
1658807932	44	-27
1658807932	44	-27
1658807939	44	-29
1658807939	44	-29
1658807939	44	-27
1658807939	44	-27
1658807939	44	-29
1658807944	44	-27
1658807944	44	-27
1658807944	44	-29
1658807944	44	-29
1658807944	44	-23
1658807945	44	-23
1658807945	44	-23
1658807945	44	-23
1658807945	44	-23
1658807945	44	-27
1658807945	44	-29
1658807946	44	-29
1658807946	44	-29
1658807946	44	-23
1658807947	44	-23
1658807947	44	-23
1658807949	44	-27
1658807949	44	-27
1658807960	44	-27
1658807960	44	-23
1658807960	44	-27
1658807968	44	-27
1658807968	44	-27
1658807980	44	-23
1658807980	44	-23
1658807980	44	-23
1658807985	44	-23
1658807986	44	-23
1658807991	44	-23
1658807991	44	-23
1658808007	44	-23
1658808007	40	-23
1658808007	44	-23
1658808007	44	-23
1658808007	44	-23
1658808007	44	-23
1658808032	44	-23
1658808032	44	-23
1658808032	44	-27
1658808032	44	-27
1658808033	44	-27
1658808033	44	-29
1658808033	44	-29
1658808033	44	-27
1658808033	44	-27
1658808033	44	-27
1658808033	44	-23
1658808034	44	-27
1658808034	44	-27
1658808040	44	-23
1658808040	44	-23
1658808068	44	-27
1658808068	44	-23
1658808068	44	-23
1658808069	44	-27
1658808069	44	-29
1658808106	44	-23
1658808106	44	-23
1658808106	44	-23
1658808106	44	-27
1658808107	44	-23
1658808107	44	-23
1658808107	44	-27
1658808107	44	-27
1658808122	44	-25
1658808122	44	-23
1658808122	44	-23
1658808131	44	-23
1658808131	44	-23
1658808131	44	-23
1658808131	44	-23
1658808132	44	-23
1658808132	40	-23
1658808132	44	-23
1658808132	44	-23
1658808140	44	-27
1658808140	44	-27
1658808155	44	-23
1658808155	44	-23
1658808155	44	-89
1658808155	44	-95
1658808155	44	-23
1658808156	44	-23
1658808172	44	-89
1658808172	44	-27
1658808177	44	-29
1658808177	44	-29
1658808177	44	-29
1658808177	40	-28
1658808194	44	-27
1658808194	44	-27
1658808194	44	-23
1658808194	44	-27
1658808224	36	-23
1658808233	44	-27
1658808233	44	-23
1658808233	44	-23
1658808234	44	-23
1658808234	44	-23
1658808234	44	-23
1658808234	44	-23
1658808238	44	-23
1658808240	44	-23
1658808240	44	-23
1658808240	44	-23
1658808244	40	-27
1658808244	44	-23
1658808244	44	-23
1658808244	44	-27
1658808245	44	-27
1658808245	44	-27
1658808246	44	-27
1658808247	44	-23
1658808247	44	-65
1658808247	44	-29
1658808248	44	-27
1658808248	44	-23
1658808248	44	-23
1658808248	44	-77
1658808248	44	-27
1658808249	44	-27
1658808249	44	-27
1658808249	44	-27
1658808249	44	-27
1658808250	44	-27
1658808250	44	-27
1658808250	44	-27
1658808251	44	-27
1658808251	44	-29
1658808251	44	-27
1658808251	44	-27
1658808251	44	-27
1658808252	44	-27
1658808252	44	-27
1658808252	44	-27
1658808252	44	-23
1658808252	44	-23
1658808253	44	-23
1658808253	44	-27
1658808254	44	-23
1658808254	44	-27
1658808255	44	-27
1658808255	44	-27
1658808255	44	-27
1658808255	44	-27
1658808267	44	-27
1658808267	44	-23
1658808267	44	-23
1658808268	44	-23
1658808268	44	-23
1658808268	44	-27
1658808268	44	-27
1658808272	44	-23
1658808272	44	-65
1658808272	44	-23
1658808273	44	-23
1658808273	44	-23
1658808295	44	-23
1658808295	44	-23
1658808295	44	-27
1658808295	44	-23
1658808295	40	-27
1658808295	44	-27
1658808295	44	-27
1658808295	44	-27
1658808297	44	-27
1658808297	44	-27
1658808297	44	-27
1658808298	44	-23
1658808299	44	-23
1658808301	44	-27
1658808301	44	-29
1658808302	44	-27
1658808304	44	-27
1658808304	44	-27
1658808306	44	-27
1658808306	44	-27
1658808307	44	-27
1658808307	44	-29
1658808307	44	-29
1658808308	44	-23
1658808316	44	-29
1658808316	44	-27
1658808316	44	-27
1658808316	44	-27
1658808316	44	-73
1658808316	44	-27
1658808316	44	-27
1658808316	44	-29
1658808317	44	-27
1658808319	44	-23
1658808320	44	-27
1658808320	44	-27
1658808320	44	-27
1658808320	44	-27
1658808320	44	-23
1658808320	44	-23
1658808320	44	-23
1658808321	44	-23
1658808321	44	-23
1658808321	44	-23
1658808321	44	-23
1658808322	44	-23
1658808322	44	-23
1658808322	44	-27
1658808322	40	-27
1658808322	44	-27
1658808322	44	-27
1658808327	44	-23
1658808327	44	-27
1658808327	44	-27
1658808327	44	-27
1658808333	44	-23
1658808333	44	-23
1658808363	36	-27
1658808393	36	-27
1658808404	44	-23
1658808405	44	-27
1658808405	44	-27
1658808428	44	-23
1658808428	36	-23
1658808428	36	-23
1658808428	44	-23
1658808430	44	-23
1658808430	36	-23
1658808430	36	-23
1658808430	36	-23
1658808430	36	-23
1658808430	36	-23
1658808430	36	-23
1658808430	36	-23
1658808430	36	-23
1658808431	36	-23
1658808431	36	-23
1658808431	36	-23
1658808431	36	-23
1658808431	36	-23
1658808431	36	-23
1658808431	36	-23
1658808431	36	-23
1658808431	36	-23
1658808432	36	-23
1658808432	36	-23
1658808432	36	-23
1658808432	36	-23
1658808432	36	-23
1658808432	36	-23
1658808432	36	-23
1658808433	36	-23
1658808433	36	-23
1658808433	36	-23
1658808433	36	-23
1658808433	36	-23
1658808433	40	-23
1658808433	36	-23
1658808433	36	-23
1658808433	44	-23
1658808433	36	-23
1658808434	36	-23
1658808434	36	-23
1658808434	36	-23
1658808434	36	-23
1658808434	36	-23
1658808434	36	-23
1658808434	36	-23
1658808434	36	-23
1658808434	36	-23
1658808434	36	-23
1658808435	36	-23
1658808435	36	-23
1658808435	36	-23
1658808435	36	-23
1658808435	36	-23
1658808435	36	-23
1658808435	36	-23
1658808436	36	-23
1658808436	36	-23
1658808436	36	-23
1658808436	36	-23
1658808436	36	-23
1658808436	36	-23
1658808436	36	-23
1658808436	36	-23
1658808436	36	-23
1658808437	36	-23
1658808437	36	-23
1658808437	36	-23
1658808437	36	-23
1658808438	36	-23
1658808438	36	-23
1658808438	36	-23
1658808438	36	-23
1658808438	36	-23
1658808438	36	-23
1658808438	36	-23
1658808438	36	-23
1658808438	36	-23
1658808438	36	-23
1658808438	40	-23
1658808438	32	-62
1658808438	36	-23
1658808438	36	-23
1658808438	36	-23
1658808438	36	-23
1658808438	36	-27
1658808439	36	-27
1658808439	36	-27
1658808439	36	-27
1658808439	36	-27
1658808439	36	-27
1658808439	36	-27
1658808439	36	-27
1658808440	36	-27
1658808440	36	-27
1658808440	36	-27
1658808440	36	-27
1658808440	36	-27
1658808440	36	-27
1658808440	36	-27
1658808440	36	-27
1658808440	36	-27
1658808440	36	-27
1658808441	36	-27
1658808441	36	-27
1658808441	36	-27
1658808441	36	-27
1658808441	36	-27
1658808441	36	-27
1658808441	36	-27
1658808442	44	-27
1658808442	44	-27
1658808442	44	-27
1658808442	44	-27
1658808443	44	-23
1658808443	44	-23
1658808443	44	-23
1658808454	44	-27
1658808455	44	-27
1658808469	44	-27
1658808469	44	-27
1658808469	44	-19
1658808469	44	-19
1658808486	44	-23
1658808486	36	-23
1658808486	36	-23
1658808487	36	-23
1658808487	36	-23
1658808487	36	-23
1658808487	36	-23
1658808487	36	-23
1658808487	36	-23
1658808488	36	-23
1658808488	36	-23
1658808488	36	-23
1658808488	36	-23
1658808488	36	-23
1658808488	36	-23
1658808488	36	-23
1658808488	36	-23
1658808489	36	-23
1658808489	36	-23
1658808489	36	-23
1658808489	36	-23
1658808489	36	-23
1658808489	36	-23
1658808489	36	-23
1658808489	36	-23
1658808489	36	-21
1658808489	36	-23
1658808489	36	-23
1658808489	36	-23
1658808489	36	-23
1658808489	36	-23
1658808490	36	-23
1658808490	36	-23
1658808490	36	-23
1658808490	36	-23
1658808490	36	-23
1658808490	36	-23
1658808490	36	-23
1658808490	36	-23
1658808490	36	-23
1658808491	36	-23
1658808491	36	-23
1658808491	36	-23
1658808491	36	-23
1658808491	36	-23
1658808491	36	-23
1658808491	36	-23
1658808491	36	-23
1658808491	36	-23
1658808491	36	-23
1658808492	36	-23
1658808492	36	-23
1658808492	36	-23
1658808492	36	-23
1658808492	36	-23
1658808492	36	-23
1658808492	36	-23
1658808492	36	-23
1658808492	36	-23
1658808493	36	-23
1658808493	36	-15
1658808493	36	-23
1658808493	36	-23
1658808493	36	-15
1658808493	36	-23
1658808493	36	-23
1658808493	36	-23
1658808493	36	-23
1658808494	36	-23
1658808494	36	-23
1658808494	36	-23
1658808494	36	-23
1658808494	36	-23
1658808494	36	-23
1658808494	36	-23
1658808494	36	-23
1658808495	36	-23
1658808495	36	-23
1658808495	36	-23
1658808495	36	-23
1658808495	36	-23
1658808495	36	-23
1658808495	36	-23
1658808495	36	-23
1658808495	36	-23
1658808496	36	-23
1658808496	36	-23
1658808496	36	-23
1658808496	36	-23
1658808496	36	-23
1658808496	36	-23
1658808496	36	-23
1658808496	36	-23
1658808496	36	-23
1658808496	36	-23
1658808496	36	-23
1658808496	36	-23
1658808496	36	-23
1658808496	40	-23
1658808496	40	-23
1658808497	44	-23
1658808497	44	-23
1658808497	36	-23
1658808497	36	-23
1658808497	36	-23
1658808497	36	-23
1658808497	36	-23
1658808497	36	-23
1658808497	36	-23
1658808497	36	-23
1658808497	36	-23
1658808497	36	-23
1658808497	36	-73
1658808497	36	-23
1658808497	36	-23
1658808498	36	-23
1658808498	36	-23
1658808498	36	-23
1658808498	36	-23
1658808498	36	-23
1658808499	36	-23
1658808499	36	-23
1658808500	44	-23
1658808500	44	-23
1658808505	44	-27
1658808505	44	-27
1658808509	44	-27
1658808509	44	-27
1658808515	44	-27
1658808515	44	-27
1658808516	44	-23
1658808516	44	-23
1658808516	44	-27
1658808530	44	-23
1658808530	44	-23
1658808530	44	-27
1658808534	44	-27
1658808534	44	-27
1658808537	44	-23
1658808537	44	-23
1658808539	44	-23
1658808539	44	-23
1658808542	44	-27
1658808542	44	-27
1658808542	44	-27
1658808543	44	-23
1658808549	36	-23
1658808549	40	-27
1658808549	36	-23
1658808549	36	-23
1658808549	36	-23
1658808549	36	-23
1658808550	36	-23
1658808550	36	-23
1658808550	36	-23
1658808550	36	-23
1658808550	36	-23
1658808550	36	-23
1658808550	36	-23
1658808550	36	-23
1658808550	36	-23
1658808550	36	-23
1658808550	36	-23
1658808550	36	-23
1658808550	44	-23
1658808550	40	-23
1658808550	44	-23
1658808550	44	-23
1658808550	36	-23
1658808551	36	-23
1658808551	36	-23
1658808551	36	-23
1658808551	36	-23
1658808551	36	-23
1658808551	36	-23
1658808551	36	-89
1658808551	36	-23
1658808551	36	-23
1658808551	36	-23
1658808552	36	-23
1658808552	36	-23
1658808552	36	-23
1658808552	36	-23
1658808552	36	-23
1658808552	36	-23
1658808552	44	-23
1658808557	44	-27
1658808557	40	-27
1658808558	36	-27
1658808558	36	-27
1658808558	36	-27
1658808558	36	-27
1658808558	36	-27
1658808558	36	-27
1658808558	36	-27
1658808558	36	-27
1658808558	36	-27
1658808558	36	-27
1658808558	36	-27
1658808558	36	-27
1658808558	36	-27
1658808559	36	-27
1658808559	36	-27
1658808559	36	-27
1658808559	36	-27
1658808559	36	-27
1658808559	36	-27
1658808560	36	-27
1658808560	36	-27
1658808560	36	-27
1658808560	36	-27
1658808560	36	-27
1658808560	36	-27
1658808560	36	-27
1658808560	36	-27
1658808561	36	-27
1658808561	36	-27
1658808561	36	-27
1658808561	36	-27
1658808561	36	-27
1658808561	36	-27
1658808561	36	-27
1658808561	36	-27
1658808561	36	-27
1658808562	36	-27
1658808562	36	-27
1658808562	36	-27
1658808562	36	-27
1658808562	36	-27
1658808562	36	-27
1658808562	36	-27
1658808562	36	-27
1658808563	36	-27
1658808563	36	-27
1658808563	36	-27
1658808563	36	-27
1658808563	36	-27
1658808563	36	-27
1658808563	36	-27
1658808564	36	-27
1658808564	36	-27
1658808564	36	-27
1658808564	36	-27
1658808564	36	-27
1658808564	36	-27
1658808564	36	-27
1658808564	36	-27
1658808564	36	-27
1658808564	36	-27
1658808564	36	-27
1658808565	36	-27
1658808565	36	-27
1658808565	36	-27
1658808565	36	-27
1658808565	36	-33
1658808565	36	-27
1658808565	36	-27
1658808565	36	-27
1658808566	36	-27
1658808566	36	-27
1658808566	36	-27
1658808566	36	-27
1658808566	36	-27
1658808566	36	-27
1658808566	36	-27
1658808566	36	-27
1658808566	36	-27
1658808566	36	-27
1658808566	36	-27
1658808566	36	-29
1658808567	36	-27
1658808567	36	-27
1658808567	36	-27
1658808567	36	-27
1658808567	36	-27
1658808567	36	-27
1658808568	36	-27
1658808568	36	-27
1658808568	36	-27
1658808568	36	-27
1658808568	36	-27
1658808568	36	-27
1658808568	36	-27
1658808568	36	-27
1658808568	36	-27
1658808569	36	-33
1658808569	36	-27
1658808569	36	-27
1658808569	36	-27
1658808569	36	-27
1658808569	36	-27
1658808570	36	-27
1658808570	36	-27
1658808570	36	-27
1658808570	36	-27
1658808570	36	-27
1658808570	36	-27
1658808571	36	-27
1658808571	36	-27
1658808571	36	-27
1658808571	36	-27
1658808571	36	-27
1658808571	36	-27
1658808571	36	-27
1658808572	36	-27
1658808572	36	-27
1658808572	36	-27
1658808572	36	-27
1658808572	36	-27
1658808573	36	-27
1658808573	36	-27
1658808573	36	-27
1658808573	36	-27
1658808573	36	-27
1658808573	36	-27
1658808573	36	-27
1658808573	36	-27
1658808573	36	-27
1658808573	36	-27
1658808573	36	-27
1658808574	36	-27
1658808574	36	-27
1658808574	36	-27
1658808574	36	-27
1658808574	36	-27
1658808574	36	-27
1658808574	36	-27
1658808574	36	-27
1658808574	44	-27
1658808575	36	-27
1658808575	36	-27
1658808575	36	-15
1658808575	36	-27
1658808575	36	-27
1658808575	36	-27
1658808576	36	-27
1658808576	36	-27
1658808576	36	-27
1658808576	36	-27
1658808576	36	-27
1658808576	36	-27
1658808576	36	-27
1658808576	36	-27
1658808576	36	-27
1658808577	36	-27
1658808577	36	-27
1658808577	36	-27
1658808577	36	-27
1658808577	36	-27
1658808577	36	-27
1658808578	36	-27
1658808578	36	-27
1658808578	36	-27
1658808578	36	-27
1658808578	36	-27
1658808578	36	-27
1658808578	36	-27
1658808578	36	-27
1658808578	36	-27
1658808578	36	-27
1658808579	36	-27
1658808579	36	-27
1658808579	40	-27
1658808579	36	-27
1658808579	36	-27
1658808579	36	-27
1658808579	36	-27
1658808579	36	-27
1658808579	36	-27
1658808580	36	-27
1658808580	36	-27
1658808580	36	-27
1658808580	36	-27
1658808580	36	-27
1658808580	36	-27
1658808580	36	-27
1658808580	36	-27
1658808580	36	-27
1658808580	36	-27
1658808581	36	-27
1658808581	36	-27
1658808581	36	-27
1658808581	36	-27
1658808581	36	-27
1658808581	36	-27
1658808581	36	-27
1658808582	36	-27
1658808582	36	-27
1658808582	36	-27
1658808582	36	-27
1658808582	36	-27
1658808582	36	-27
1658808582	36	-27
1658808582	36	-27
1658808582	36	-27
1658808582	36	-27
1658808583	36	-27
1658808583	36	-27
1658808583	36	-27
1658808583	36	-27
1658808583	36	-27
1658808583	36	-27
1658808583	36	-27
1658808583	36	-27
1658808583	36	-27
1658808583	36	-27
1658808583	36	-27
1658808584	36	-27
1658808584	36	-27
1658808584	36	-27
1658808584	36	-27
1658808584	36	-27
1658808584	36	-27
1658808584	36	-27
1658808584	36	-27
1658808584	36	-27
1658808584	36	-27
1658808585	36	-27
1658808585	36	-27
1658808585	36	-27
1658808585	36	-27
1658808585	36	-27
1658808585	36	-27
1658808585	36	-27
1658808586	36	-27
1658808586	36	-27
1658808586	36	-27
1658808586	36	-27
1658808587	36	-27
1658808587	36	-27
1658808587	36	-27
1658808587	36	-27
1658808587	36	-27
1658808587	36	-27
1658808588	36	-27
1658808588	36	-27
1658808588	36	-27
1658808588	36	-27
1658808588	36	-27
1658808588	36	-27
1658808588	36	-27
1658808589	36	-27
1658808589	36	-27
1658808589	36	-27
1658808589	36	-27
1658808589	36	-27
1658808589	36	-27
1658808589	36	-27
1658808589	36	-27
1658808589	36	-27
1658808589	36	-27
1658808590	36	-27
1658808590	36	-27
1658808590	36	-27
1658808590	36	-27
1658808590	36	-27
1658808590	36	-27
1658808591	36	-27
1658808591	36	-27
1658808591	36	-27
1658808591	36	-27
1658808591	36	-27
1658808591	36	-27
1658808591	36	-27
1658808591	36	-27
1658808591	36	-27
1658808592	36	-27
1658808592	36	-27
1658808592	36	-27
1658808592	36	-27
1658808592	36	-27
1658808592	36	-27
1658808593	36	-27
1658808593	36	-27
1658808593	36	-27
1658808593	36	-27
1658808593	36	-27
1658808593	36	-27
1658808593	36	-27
1658808593	36	-27
1658808593	36	-27
1658808594	36	-27
1658808594	36	-27
1658808594	36	-27
1658808594	36	-27
1658808594	36	-27
1658808594	36	-27
1658808594	36	-27
1658808594	36	-27
1658808594	36	-27
1658808595	36	-27
1658808595	36	-27
1658808595	36	-27
1658808595	36	-27
1658808595	36	-27
1658808595	36	-27
1658808595	36	-27
1658808595	36	-27
1658808595	36	-27
1658808595	36	-27
1658808595	36	-27
1658808596	36	-27
1658808596	36	-27
1658808596	36	-27
1658808596	36	-15
1658808596	36	-27
1658808596	36	-27
1658808596	36	-27
1658808596	36	-27
1658808597	36	-27
1658808597	36	-27
1658808597	36	-27
1658808597	36	-27
1658808597	36	-27
1658808598	36	-27
1658808598	36	-27
1658808598	36	-27
1658808598	36	-27
1658808598	36	-27
1658808598	36	-27
1658808598	36	-27
1658808598	36	-27
1658808598	36	-27
1658808599	36	-27
1658808599	36	-27
1658808599	36	-27
1658808599	44	-27
1658808604	44	-27
1658808605	36	-27
1658808605	36	-27
1658808606	36	-27
1658808606	36	-27
1658808606	36	-27
1658808606	36	-27
1658808606	36	-27
1658808606	36	-27
1658808606	36	-27
1658808606	36	-27
1658808606	36	-27
1658808606	36	-27
1658808607	36	-27
1658808607	36	-27
1658808607	36	-27
1658808607	36	-27
1658808607	36	-27
1658808607	36	-27
1658808607	36	-27
1658808608	36	-27
1658808608	36	-27
1658808608	36	-27
1658808608	36	-27
1658808608	36	-27
1658808608	36	-27
1658808608	36	-27
1658808609	36	-27
1658808609	36	-27
1658808609	36	-27
1658808609	36	-27
1658808609	36	-27
1658808609	36	-27
1658808609	36	-27
1658808609	36	-27
1658808609	36	-27
1658808609	36	-27
1658808610	36	-27
1658808610	40	-27
1658808610	36	-27
1658808610	36	-27
1658808610	36	-27
1658808610	36	-27
1658808611	36	-27
1658808611	36	-27
1658808611	36	-27
1658808611	36	-27
1658808611	36	-27
1658808611	36	-27
1658808611	36	-27
1658808611	36	-27
1658808611	36	-27
1658808611	36	-27
1658808611	36	-15
1658808611	36	-15
1658808612	36	-27
1658808612	36	-27
1658808612	36	-27
1658808612	36	-27
1658808612	36	-27
1658808612	36	-27
1658808612	36	-27
1658808613	36	-27
1658808613	36	-27
1658808613	36	-65
1658808613	36	-27
1658808613	36	-27
1658808613	36	-27
1658808614	36	-27
1658808614	36	-27
1658808614	36	-27
1658808614	36	-27
1658808614	36	-27
1658808614	36	-27
1658808614	36	-27
1658808614	36	-27
1658808614	36	-27
1658808615	36	-27
1658808615	44	-27
